442979
414911
448386
418822
449810
423495
430555
418316
417929
433374
448684
431716
406570
445273
415855
413718
426247
435423
424495
412615
422515
435443
435602
406388
442633
426716
438138
415852
426964
414354
430946
429780
446447
432245
448592
434814
434041
416275
419006
416899
411807
445409
424536
420837
432159
408016
448195
409729
423754
433326
414661
415229
448562
421207
449959
447192
409193
429676
435086
411736
415520
412707
436167
441149
409518
415500
417570
438223
445307
430047
414351
439390
409538
408863
447936
418620
430082
413919
442850
445136
439857
447954
422247
423392
420423
438301
408401
411100
446230
409419
420226
447786
423335
417830
413124
411316
429189
431596
448366
418847
440154
409157
441830
428146
418817
436735
439354
417733
419858
407705
408029
441943
418267
407624
427664
412262
447252
407296
443469
438213
436863
414545
416605
409741
426960
436470
420158
410533
448906
423552
428394
445148
446696
442869
411184
433061
437098
432638
429012
406114
424016
411605
445243
421027
418602
413279
408189
422102
413908
426865
435878
422704
442968
408705
421109
427877
432917
406000
409243
427531
414084
408125
442839
424316
427715
407730
405672
435457
406655
430631
429953
445019
431447
412732
429743
409730
429106
435240
438330
417892
444481
442547
428029
412949
435227
437891
406219
411885
406710
434584
410836
431503
446589
425005
419894
443621
420806
409832
410342
442450
435900
435343
444718
410857
417335
411193
424099
436343
410865
419623
405429
417858
435528
426426
413420
444660
423628
416847
439696
441232
405811
419815
406704
444138
442513
415894
426668
440101
438549
444126
446287
429020
410426
435559
446539
436448
408455
407135
427753
411434
413239
433304
417758
434095
439640
448055
407360
428699
432711
421906
413341
436862
407055
411314
423463
445771
421253
439382
410377
407185
410080
433897
428784
421591
414165
416393
431395
438926
432380
421580
431656
421511
436144
429576
431057
407111
437503
417472
418254
435083
437292
441524
448450
419646
429412
441317
429250
422609
436452
441494
407544
438898
411110
418172
405314
422146
415406
423712
430203
424764
449678
414444
437572
420188
412474
411404
431643
439894
416028
411757
410501
425397
433201
424833
441800
430750
413538
420614
406603
441467
413140
432090
425913
443130
440535
422577
424182
445852
412625
438604
409128
442656
441559
446050
421168
408633
409707
423783
430539
434363
422779
413278
406444
411381
421540
441022
433517
421079
438596
449941
405399
437760
443104
418268
406631
409740
423152
449193
410373
423524
442871
436305
410661
438353
419827
420488
444587
408933
426856
444134
424246
438018
420020
417831
425019
421822
432628
408737
429492
448399
408378
425399
427103
418174
425744
406788
406107
424100
420124
420917
406232
419194
414731
416642
419856
413241
436157
439366
449089
408460
430840
446485
425251
449043
405004
439811
416470
446239
405564
428894
446017
445239
416933
423266
449023
449358
437740
418168
413225
405297
432111
432287
407494
446162
416224
427969
429803
409246
442798
420550
413508
444881
430636
410907
426306
412976
413357
419539
437918
432349
409504
409704
407514
422919
407328
416081
423331
448722
445598
440253
444726
424132
412339
416670
442888
417968
422354
434502
448534
446802
435674
432110
437194
436188
412656
432698
436265
420113
435338
411810
413952
424620
421156
428676
444741
417425
428773
422109
416886
411803
406487
405853
423789
432173
435799
432335
427095
448630
438247
418399
427790
445874
431285
432255
414464
411108
425382
409241
426583
407740
436274
448342
436180
421036
441417
413249
406703
449228
420497
410733
436747
446640
410071
449442
405216
409851
435195
436641
443949
432487
409337
443668
441230
409513
448442
432827
441374
430285
433442
425797
414061
449635
429141
437146
407907
437304
439408
437910
429109
421171
439602
448506
427059
447268
441434
434862
429360
408617
406644
449470
421341
410478
431540
443260
441000
449042
446228
416331
417868
437241
428432
446072
444700
425723
406784
419217
436246
433041
425780
420388
439796
423750
405231
423353
428204
409336
424951
443968
417776
440666
448068
421635
423685
421537
427974
431805
416919
439522
425807
440779
437558
440145
445803
436494
430843
440176
436691
443154
413057
444854
439902
426080
407875
443362
449490
407554
425258
438777
405646
418624
410382
418924
427819
413256
434408
448977
408861
445327
436016
411915
417680
425586
420200
407874
441158
418958
447526
407868
445977
437432
415135
405898
406121
430237
430376
435360
449026
435627
428972
419720
426898
422935
416841
408035
406812
438975
409071
433599
425743
409303
413943
433344
419825
431693
438412
413407
407549
405354
408640
415761
427655
432483
428689
438863
423553
428426
421880
433233
434913
414433
439423
428578
411926
418459
424408
406489
433530
419475
421404
434515
448271
427528
410286
441611
405842
438007
419181
414786
405501
423900
414068
429246
432377
438921
446826
433209
405890
434905
409867
418077
425285
410742
437757
448106
437763
431165
435196
412094
436477
435295
433425
427513
438220
449087
429733
436394
442255
427470
413578
426443
406278
425687
447279
431992
439630
442747
406377
432303
414619
427284
446113
414273
433858
415381
413122
425535
426884
410548
430928
417547
431278
427475
423785
414294
449004
428249
414595
432333
429019
440776
430973
432857
430798
414403
425844
431813
432996
426245
435311
427022
408673
412918
426564
443231
416420
414553
425227
445046
412817
429854
434678
422566
417083
449907
418920
410264
422664
423442
410921
442223
406900
427256
414037
445945
435238
442326
409215
414693
412379
411865
423647
442864
405173
438287
435995
407385
423924
436654
408461
435012
425697
430332
440606
432756
437051
407004
446374
442006
417063
414555
448750
430914
440557
406470
432837
427060
420286
407851
443695
436011
421403
416096
429540
405884
428388
434653
449125
426355
430334
427859
434413
442066
423876
428881
449376
418927
440875
426640
428757
408862
416264
418058
419966
415324
433723
413909
413897
407463
408030
415665
413870
438718
435184
425533
408308
434015
410904
414538
449647
408899
411935
430149
437159
416873
448690
427849
423741
433508
427517
416196
418098
423525
412932
425228
431882
410762
411056
438871
441433
428269
447743
445229
417065
429205
423846
415992
421441
418623
448140
429113
419711
446387
433606
443966
433198
445377
442239
421377
428028
415059
408939
410034
443167
442591
447875
438494
430695
405116
438497
410954
424452
437109
412861
413893
449695
405144
427081
424031
421601
422284
407191
425824
414281
436779
429221
438702
415157
444803
416987
434044
427782
406162
435566
421342
409207
410946
446057
428836
439590
440258
449597
443993
420662
433722
432288
423143
430011
436847
439129
406131
411493
406864
434982
419759
420335
414035
423397
444844
425084
432983
448387
442119
449184
442350
412905
424378
435579
426001
447129
441654
422031
431892
416477
447780
446854
431941
420999
436959
445724
431730
429313
436885
418047
439918
448825
434700
448376
419441
407593
449942
424120
444329
448580
441516
435546
422851
431847
443798
424664
420278
431912
434993
409550
443151
425708
415536
424006
439266
425745
433974
413090
441958
447415
421397
424660
438707
410598
445778
444590
418641
426220
443899
426394
423917
428445
415347
421837
408519
425969
429993
425945
426441
410102
412524
432847
423586
447805
419673
449968
442942
417350
418674
440439
412132
432635
407943
416930
409421
441084
440701
405343
439538
448134
444009
435078
424794
416734
446586
412090
406175
423202
432486
428107
448491
441525
427773
434608
443326
424302
418095
427826
448275
449770
414299
431507
426428
433280
431516
447961
416380
429759
446126
449123
431358
417103
435548
424444
444405
413344
441001
444011
421379
421337
444828
448248
448714
413665
432520
414738
425367
422277
421174
410010
414233
447497
419632
432148
410343
408184
434206
420610
446280
444807
436572
422757
415343
419644
447848
424188
443043
437111
442319
408418
424512
405476
425267
412431
423393
437575
425506
424719
435260
433318
407269
440848
445946
410757
445547
433923
425197
410936
419228
427711
407746
429181
446619
448625
430414
442806
436984
443079
412217
434582
423380
432717
427989
444598
442301
431085
417038
426190
421115
434470
442961
433560
430205
409884
424825
405150
434745
433929
448677
423806
441217
440244
426822
435326
408068
415299
431801
423341
421918
417793
444888
431937
427678
446285
442475
432870
447682
436793
425253
410576
448258
424723
436043
447125
421785
445290
443358
421985
410975
422680
430154
414055
432165
437999
437420
442570
424170
438384
432550
433170
441670
430542
427756
433905
421812
447232
425779
435379
415098
439481
449063
443162
416070
427822
446097
436070
417774
422811
446284
422447
423363
433749
439378
414024
427952
449433
429184
412811
416141
444000
428473
436878
440987
435956
414591
414769
428965
412680
446138
444730
436207
442542
431115
420013
412974
430399
435861
418363
449142
408053
431097
435923
418282
423834
409273
425712
407799
441233
442791
416730
431332
431923
447904
445310
409162
415746
445922
419077
428832
448052
431396
449714
442133
414679
437629
445208
419488
420593
422605
446499
410020
430264
416476
406034
444792
438271
433186
407952
445601
436796
409647
449618
412402
425117
406866
445562
416925
446558
430013
418658
425416
448265
426846
406282
445467
432221
446780
408707
431914
437170
441680
430075
439750
422048
443094
429130
432030
420041
446031
429448
437081
411237
440249
430115
409152
415253
445967
433771
434818
430812
423221
433809
408154
414810
410766
435294
431343
440907
422456
447657
408025
425624
448435
419313
437686
445374
413494
435446
407404
420061
425568
411689
406139
441288
413994
433487
427121
405330
409995
420356
447033
427014
449130
441960
413194
432136
445121
427390
425356
433663
421790
407817
426530
441097
415873
413473
441539
409305
413877
430079
423387
429381
407608
425602
418443
430830
422212
432070
436491
449371
432179
431721
437089
405758
447710
411650
447842
416100
425565
439979
430139
436536
420122
435040
426420
409070
445472
424625
411708
444908
415941
423415
410568
405341
438967
405273
427809
447270
446969
435604
427237
447171
409615
415727
449347
435389
405322
439727
429652
429650
432263
427817
449723
446353
437822
422766
437438
426669
435641
442601
415491
446309
438431
408434
429126
407132
427633
445694
435421
442284
435643
443783
417859
439993
422114
406331
414826
421739
426340
436319
408953
421951
434226
405725
443801
416617
407265
428602
428978
431932
445370
448814
441978
445253
415036
440043
442082
405103
417075
431592
421609
408929
437225
419749
405640
449989
420486
449054
426434
423842
421185
446386
431541
423995
408548
422204
445745
422324
449926
411211
405176
445201
429002
407791
436426
429636
421332
431043
447410
407059
431542
438473
417266
441728
418681
448546
436717
442722
435398
407182
428855
432373
414604
426465
418426
414798
429936
413178
446731
411217
423376
437493
415009
438364
413247
421851
447662
411365
422208
420421
414935
443785
417101
407863
427915
409264
437795
438668
435424
418745
408609
413442
407893
410466
414060
424998
420813
416902
432203
425260
410216
434080
405292
446008
422364
447088
432853
425868
425576
405351
432191
416616
423154
447485
446617
423679
417080
425937
435213
448549
445931
445526
416433
436967
449773
411231
421048
434744
424243
437645
416313
410356
413920
420980
405681
445143
440377
440465
429216
423920
431481
421123
424828
442136
436758
412104
424287
431166
429556
428370
448822
433976
415393
427053
424002
448691
429477
435120
449363
416131
440314
407582
409845
413648
409855
414392
437286
422353
429318
413871
439455
424634
413145
413474
424698
414957
445157
434614
424284
423701
421432
442397
426713
433617
441201
445395
415065
440553
405625
424671
448902
413615
407348
424590
410395
438606
436280
417918
447087
410175
437603
424599
435211
409253
435786
426012
430907
433972
449318
436152
418396
443822
428062
449653
434466
415713
420145
434620
421270
406498
425453
412956
443526
406566
409689
446713
449704
421610
423009
427199
422203
443313
420054
432591
405892
421467
435779
439334
424487
421627
447748
406682
405430
416638
449689
431198
430450
415926
414830
448569
432156
446641
426844
406616
424792
405252
445935
412330
443373
423585
431968
425071
424391
431668
418752
440789
421729
405233
411046
407081
410457
415458
437079
432980
421159
426954
414571
428734
426850
443435
427230
427566
408049
422298
405657
422293
409377
447095
430754
446327
438947
437956
439952
408843
426276
441406
434021
434852
409229
421281
416875
435854
421315
405926
429420
414565
405949
417418
424882
447386
440448
414103
441580
412901
444513
406053
413321
436164
440780
447103
443781
433928
407098
447785
408366
437512
444275
429269
412191
444835
445322
438334
410688
448471
421750
413931
409449
441534
412915
428882
445866
445352
446272
428143
447548
425846
429303
424304
421227
439026
415708
446525
437357
436436
408104
408563
439539
442584
445490
445873
440050
423576
432406
411322
431725
419976
422561
442818
411075
444728
405624
435114
429959
418424
406846
418451
408944
422135
419304
414722
444461
423145
415388
425768
428111
416504
425795
436478
432686
411067
430985
408288
425362
416979
431528
444669
434295
421064
420000
406673
449294
433540
420153
426549
446231
423048
405454
413322
433533
421730
416335
429698
408396
429862
442923
439303
437776
445894
418609
437458
441196
448748
424839
431083
426761
412460
405839
435011
431407
440237
431003
437024
430257
436789
433147
429584
439561
418949
437818
442287
426590
443723
420670
441987
414647
441542
435002
405261
405195
438531
406276
420854
422747
434400
444985
416011
426772
420694
448083
441260
433977
425204
427618
411923
409091
418325
423568
440818
432441
424519
434339
439459
440463
446888
447744
443931
421264
416905
414961
431545
424761
431501
424432
424534
435187
434879
432504
426472
449988
429452
423742
439193
435318
444216
426693
420207
412891
406675
428941
448535
406033
405593
426994
427454
431323
424433
417483
440641
441528
425302
411592
416812
444072
425713
436659
407729
430975
414353
419363
435236
440265
438644
426704
414987
447590
447855
406291
412212
412852
442597
414845
405873
412672
418938
423884
438807
411756
410003
444139
426528
419400
420168
433299
446229
416082
439626
434471
425152
449353
440210
428080
421256
431791
445955
438372
446399
426401
419121
430323
406928
408986
410116
423972
444293
413869
434366
420962
405729
422289
449748
430141
414413
415996
413957
426476
428349
414389
406661
418827
419998
413394
411552
449962
448526
444220
427374
412650
431157
427603
439771
417950
429864
421690
421870
411253
449894
426802
447969
448865
428627
420961
427667
415007
440385
413592
412844
443235
442303
435415
424034
405584
437445
417732
419881
444533
437573
447818
448638
425226
442999
435033
419164
447834
435107
426081
408923
437278
425155
441215
420381
424537
425406
434953
428607
431480
435302
421922
418367
413546
416768
429903
419401
435879
410893
433727
414792
440353
412609
411431
435032
443708
446864
430445
445728
437218
408425
424872
433864
414621
417800
448256
449441
441063
424746
433154
438281
443849
430004
414058
432977
419886
419993
407464
436795
430955
424804
406430
434046
434172
441352
434555
421072
405621
428935
425211
434980
423138
417629
420639
410959
410245
419828
424530
405748
405217
434938
421699
444927
417461
434029
424357
444845
448458
427980
409283
430950
411847
447404
438555
415735
420924
436330
417435
433360
432656
436446
427674
430749
419969
432653
427728
434789
418904
440309
446473
435929
437374
424174
419009
432845
447915
441470
431126
416281
425589
436935
432934
434452
414391
406668
407710
446768
429897
438229
444698
430191
446504
428066
406850
417899
423502
432699
415428
447577
425845
417187
417539
417277
423709
428686
428910
430262
444586
408263
425820
416827
441946
411420
425987
435717
415126
415499
440361
414132
436713
421049
446165
424603
442787
424366
426445
430273
421694
432607
405702
410881
435950
432879
438167
438416
442779
421028
442838
422599
412468
407585
438603
412134
441927
408785
437414
406183
424454
432300
432872
426096
440957
440402
433486
422914
429421
431815
445517
419942
411920
449464
434638
418517
443395
412686
421539
416574
421320
419514
418597
449412
434522
417276
442015
426055
449468
430862
411319
445853
417143
440086
418236
444006
425464
422394
407915
417146
407181
444311
407644
446179
449742
449073
405465
406165
416872
407813
412563
448741
419501
421421
427892
446686
409500
432120
446604
444425
417263
431860
444433
448728
407969
407189
417761
408115
436158
414561
439596
417123
435660
449805
446833
418151
424869
434133
449150
427355
407331
416483
449595
417037
418059
412747
447738
418529
442056
418469
428730
446825
423117
434380
417340
447283
426410
435670
417200
439923
423765
449366
447330
429641
420984
412893
439882
428532
444495
414401
424683
442780
407527
406402
410787
427500
408564
423349
434924
440982
443097
437385
419200
430308
430893
444094
418702
440971
429830
411415
413510
445480
406271
448499
407672
429828
436101
416478
428937
445871
424027
413193
412708
436594
421152
445056
431330
436125
431683
422624
430084
447074
434358
440913
445477
414366
436415
445473
412220
412238
406503
419057
417527
418048
418653
423332
415308
405647
428562
425206
410455
448696
433068
406594
424608
428917
406484
424484
432944
414235
424898
411515
437505
426785
420483
427798
412142
426006
437739
442028
408831
442171
415989
413202
408555
417088
411750
438789
417701
449382
416879
434578
416834
449218
446695
423575
444996
426102
423356
426626
438015
425048
449786
448886
436328
405317
416568
448912
405800
436081
422520
444035
441949
420018
407528
440204
449980
409750
406912
440795
442402
446556
432545
415586
446648
421026
438764
413801
424970
441066
415915
428747
413337
426403
415085
439709
435426
438149
413528
412762
445833
414724
430482
417865
407279
440197
440049
419804
414194
447528
410042
439041
417894
427811
405521
443129
441651
407885
442554
417313
445024
405734
409813
414687
421914
426308
426805
407174
408426
419553
447509
432887
421134
428950
413668
439046
405708
442852
437473
409859
431080
418905
431780
409168
426406
427862
433881
430194
421323
441019
414282
418972
433935
444585
409630
438258
438962
445877
405283
420656
418148
409009
444989
444305
446208
443567
444458
439252
428534
418160
421804
409503
436538
444180
429876
420929
407362
409448
408734
439527
413739
448914
440742
407298
412193
415656
431100
424682
445347
440012
415734
446322
421325
416426
439031
436868
449756
415504
405070
433203
437825
428133
408510
437846
405581
430429
447686
436306
412029
412155
446912
439627
440589
414141
422681
444209
437905
406490
423751
411245
413692
419680
408211
440707
445492
429607
446600
426840
424832
421366
421726
411904
436542
421329
430065
405214
446659
421367
416578
423871
437118
438928
422403
423786
448112
426287
434012
424466
435034
433628
425068
416799
428157
421621
449743
423295
442331
430292
444128
411985
426666
411623
410323
416052
444008
425078
427508
431637
433880
421749
412738
424412
432059
440406
433719
406829
414976
417506
420331
422582
419001
416711
412374
405776
416195
411433
446276
429889
410672
439073
