307979
279911
313386
283822
314810
288495
295555
283316
282929
298374
313684
296716
271570
310273
280855
278718
291247
300423
289495
277615
287515
300443
300602
271388
307633
291716
303138
280852
291964
279354
295946
294780
311447
297245
313592
299814
299041
281275
284006
281899
276807
310409
289536
285837
297159
273016
313195
274729
288754
298326
279661
280229
313562
286207
314959
312192
274193
294676
300086
276736
280520
277707
301167
306149
274518
280500
282570
303223
310307
295047
279351
304390
274538
273863
312936
283620
295082
278919
307850
310136
304857
312954
287247
288392
285423
303301
273401
276100
311230
274419
285226
312786
288335
282830
278124
276316
294189
296596
313366
283847
305154
274157
306830
293146
283817
301735
304354
282733
284858
272705
273029
306943
283267
272624
292664
277262
312252
272296
308469
303213
301863
279545
281605
274741
291960
301470
285158
275533
313906
288552
293394
310148
311696
307869
276184
298061
302098
297638
294012
271114
289016
276605
310243
286027
283602
278279
273189
287102
278908
291865
300878
287704
307968
273705
286109
292877
297917
271000
274243
292531
279084
273125
307839
289316
292715
272730
270672
300457
271655
295631
294953
310019
296447
277732
294743
274730
294106
300240
303330
282892
309481
307547
293029
277949
300227
302891
271219
276885
271710
299584
275836
296503
311589
290005
284894
308621
285806
274832
275342
307450
300900
300343
309718
275857
282335
276193
289099
301343
275865
284623
270429
282858
300528
291426
278420
309660
288628
281847
304696
306232
270811
284815
271704
309138
307513
280894
291668
305101
303549
309126
311287
294020
275426
300559
311539
301448
273455
272135
292753
276434
278239
298304
282758
299095
304640
313055
272360
293699
297711
286906
278341
301862
272055
276314
288463
310771
286253
304382
275377
272185
275080
298897
293784
286591
279165
281393
296395
303926
297380
286580
296656
286511
301144
294576
296057
272111
302503
282472
283254
300083
302292
306524
313450
284646
294412
306317
294250
287609
301452
306494
272544
303898
276110
283172
270314
287146
280406
288712
295203
289764
314678
279444
302572
285188
277474
276404
296643
304894
281028
276757
275501
290397
298201
289833
306800
295750
278538
285614
271603
306467
278140
297090
290913
308130
305535
287577
289182
310852
277625
303604
274128
307656
306559
311050
286168
273633
274707
288783
295539
299363
287779
278278
271444
276381
286540
306022
298517
286079
303596
314941
270399
302760
308104
283268
271631
274740
288152
314193
275373
288524
307871
301305
275661
303353
284827
285488
309587
273933
291856
309134
289246
303018
285020
282831
290019
286822
297628
273737
294492
313399
273378
290399
292103
283174
290744
271788
271107
289100
285124
285917
271232
284194
279731
281642
284856
278241
301157
304366
314089
273460
295840
311485
290251
314043
270004
304811
281470
311239
270564
293894
311017
310239
281933
288266
314023
314358
302740
283168
278225
270297
297111
297287
272494
311162
281224
292969
294803
274246
307798
285550
278508
309881
295636
275907
291306
277976
278357
284539
302918
297349
274504
274704
272514
287919
272328
281081
288331
313722
310598
305253
309726
289132
277339
281670
307888
282968
287354
299502
313534
311802
300674
297110
302194
301188
277656
297698
301265
285113
300338
276810
278952
289620
286156
293676
309741
282425
293773
287109
281886
276803
271487
270853
288789
297173
300799
297335
292095
313630
303247
283399
292790
310874
296285
297255
279464
276108
290382
274241
291583
272740
301274
313342
301180
286036
306417
278249
271703
314228
285497
275733
301747
311640
275071
314442
270216
274851
300195
301641
308949
297487
274337
308668
306230
274513
313442
297827
306374
295285
298442
290797
279061
314635
294141
302146
272907
302304
304408
302910
294109
286171
304602
313506
292059
312268
306434
299862
294360
273617
271644
314470
286341
275478
296540
308260
306000
314042
311228
281331
282868
302241
293432
311072
309700
290723
271784
284217
301246
298041
290780
285388
304796
288750
270231
288353
293204
274336
289951
308968
282776
305666
313068
286635
288685
286537
292974
296805
281919
304522
290807
305779
302558
305145
310803
301494
295843
305176
301691
308154
278057
309854
304902
291080
272875
308362
314490
272554
290258
303777
270646
283624
275382
283924
292819
278256
299408
313977
273861
310327
301016
276915
282680
290586
285200
272874
306158
283958
312526
272868
310977
302432
280135
270898
271121
295237
295376
300360
314026
300627
293972
284720
291898
287935
281841
273035
271812
303975
274071
298599
290743
274303
278943
298344
284825
296693
303412
278407
272549
270354
273640
280761
292655
297483
293689
303863
288553
293426
286880
298233
299913
279433
304423
293578
276926
283459
289408
271489
298530
284475
286404
299515
313271
292528
275286
306611
270842
303007
284181
279786
270501
288900
279068
294246
297377
303921
311826
298209
270890
299905
274867
283077
290285
275742
302757
313106
302763
296165
300196
277094
301477
300295
298425
292513
303220
314087
294733
301394
307255
292470
278578
291443
271278
290687
312279
296992
304630
307747
271377
297303
279619
292284
311113
279273
298858
280381
278122
290535
291884
275548
295928
282547
296278
292475
288785
279294
314004
293249
279595
297333
294019
305776
295973
297857
295798
279403
290844
296813
297996
291245
300311
292022
273673
277918
291564
308231
281420
279553
290227
310046
277817
294854
299678
287566
282083
314907
283920
275264
287664
288442
275921
307223
271900
292256
279037
310945
300238
307326
274215
279693
277379
276865
288647
307864
270173
303287
300995
272385
288924
301654
273461
300012
290697
295332
305606
297756
302051
272004
311374
307006
282063
279555
313750
295914
305557
271470
297837
292060
285286
272851
308695
301011
286403
281096
294540
270884
293388
299653
314125
291355
295334
292859
299413
307066
288876
293881
314376
283927
305875
291640
293757
273862
281264
283058
284966
280324
298723
278909
278897
272463
273030
280665
278870
303718
300184
290533
273308
299015
275904
279538
314647
273899
276935
295149
302159
281873
313690
292849
288741
298508
292517
281196
283098
288525
277932
290228
296882
275762
276056
303871
306433
293269
312743
310229
282065
294205
288846
280992
286441
283623
313140
294113
284711
311387
298606
308966
298198
310377
307239
286377
293028
280059
273939
275034
308167
307591
312875
303494
295695
270116
303497
275954
289452
302109
277861
278893
314695
270144
292081
289031
286601
287284
272191
290824
279281
301779
294221
303702
280157
309803
281987
299044
292782
271162
300566
286342
274207
275946
311057
293836
304590
305258
314597
308993
285662
298722
297288
288143
295011
301847
304129
271131
276493
271864
299982
284759
285335
279035
288397
309844
290084
297983
313387
307119
314184
307350
277905
289378
300579
291001
312129
306654
287031
296892
281477
312780
311854
296941
285999
301959
310724
296730
294313
301885
283047
304918
313825
299700
313376
284441
272593
314942
289120
309329
313580
306516
300546
287851
296847
308798
289664
285278
296912
299993
274550
308151
290708
280536
289006
304266
290745
298974
278090
306958
312415
286397
289660
303707
275598
310778
309590
283641
291220
308899
291394
288917
293445
280347
286837
273519
290969
294993
290945
291441
275102
277524
297847
288586
312805
284673
314968
307942
282350
283674
305439
277132
297635
272943
281930
274421
306084
305701
270343
304538
313134
309009
300078
289794
281734
311586
277090
271175
288202
297486
293107
313491
306525
292773
299608
308326
289302
283095
292826
313275
314770
279299
296507
291428
298280
296516
312961
281380
294759
311126
314123
296358
282103
300548
289444
309405
278344
306001
309011
286379
286337
309828
313248
313714
278665
297520
279738
290367
287277
286174
275010
279233
312497
284632
297148
275343
273184
299206
285610
311280
309807
301572
287757
280343
284644
312848
289188
308043
302111
307319
273418
289512
270476
290267
277431
288393
302575
290506
289719
300260
298318
272269
305848
310946
275757
310547
298923
290197
275936
284228
292711
272746
294181
311619
313625
295414
307806
301984
308079
277217
299582
288380
297717
292989
309598
307301
296085
282038
291190
286115
299470
307961
298560
295205
274884
289825
270150
299745
298929
313677
288806
306217
305244
291822
300326
273068
280299
296801
288341
286918
282793
309888
296937
292678
311285
307475
297870
312682
301793
290253
275576
313258
289723
301043
312125
286785
310290
308358
286985
275975
287680
295154
279055
297165
302999
302420
307570
289170
303384
297550
298170
306670
295542
292756
298905
286812
312232
290779
300379
280098
304481
314063
308162
281070
292822
311097
301070
282774
287811
311284
287447
288363
298749
304378
279024
292952
314433
294184
277811
281141
309000
293473
301878
305987
300956
279591
279769
293965
277680
311138
309730
301207
307542
296115
285013
277974
295399
300861
283363
314142
273053
296097
300923
283282
288834
274273
290712
272799
306233
307791
281730
296332
296923
312904
310310
274162
280746
310922
284077
293832
313052
296396
314714
307133
279679
302629
310208
284488
285593
287605
311499
275020
295264
281476
271034
309792
303271
298186
272952
310601
301796
274647
314618
277402
290117
271866
310562
281925
311558
295013
283658
290416
313265
291846
271282
310467
297221
311780
273707
296914
302170
306680
295075
304750
287048
308094
294130
297030
285041
311031
294448
302081
276237
305249
295115
274152
280253
310967
298771
299818
295812
288221
298809
273154
279810
275766
300294
296343
305907
287456
312657
273025
290624
313435
284313
302686
310374
278494
300446
272404
285061
290568
276689
271139
306288
278994
298487
292121
270330
274995
285356
312033
292014
314130
306960
278194
297136
310121
292390
290356
298663
286790
272817
291530
306097
280873
278473
306539
274305
278877
295079
288387
294381
272608
290602
283443
295830
287212
297070
301491
314371
297179
296721
302089
270758
312710
276650
312842
281100
290565
304979
295139
301536
285122
300040
291420
274070
310472
289625
276708
309908
280941
288415
275568
270341
303967
270273
292809
312270
311969
300604
292237
312171
274615
280727
314347
300389
270322
304727
294652
294650
297263
292817
314723
311353
302822
287766
302438
291669
300641
307601
280491
311309
303431
273434
294126
272132
292633
310694
300421
307284
300643
308783
282859
304993
287114
271331
279826
286739
291340
301319
273953
286951
299226
270725
308801
281617
272265
293602
293978
296932
310370
313814
306978
310253
280036
305043
307082
270103
282075
296592
286609
273929
302225
284749
270640
314989
285486
314054
291434
288842
286185
311386
296541
288995
273548
287204
310745
287324
314926
276211
270176
310201
294002
272791
301426
294636
286332
296043
312410
272059
296542
303473
282266
306728
283681
313546
301717
307722
300398
272182
293855
297373
279604
291465
283426
279798
294936
278178
311731
276217
288376
302493
280009
303364
278247
286851
312662
276365
287208
285421
279935
308785
282101
272863
292915
274264
302795
303668
300424
283745
273609
278442
272893
275466
279060
289998
285813
281902
297203
290260
275216
299080
270292
311008
287364
312088
297853
290868
290576
270351
297191
281616
288154
312485
311617
288679
282080
290937
300213
313549
310931
310526
281433
301967
314773
276231
286048
299744
289243
302645
281313
275356
278920
285980
270681
310143
305377
305465
294216
288920
296481
286123
289828
307136
301758
277104
289287
296166
294556
293370
313822
298976
280393
292053
289002
313691
294477
300120
314363
281131
305314
272582
274845
278648
274855
279392
302286
287353
294318
278871
304455
289634
278145
278474
289698
279957
310157
299614
289284
288701
286432
307397
291713
298617
306201
310395
280065
305553
270625
289671
313902
278615
272348
289590
275395
303606
301280
282918
312087
275175
302603
289599
300211
274253
300786
291012
295907
298972
314318
301152
283396
308822
293062
314653
299466
280713
285145
299620
286270
271498
290453
277956
308526
271566
274689
311713
314704
286610
288009
292199
287203
308313
285054
297591
270892
286467
300779
304334
289487
286627
312748
271682
270430
281638
314689
296198
295450
280926
279830
313569
297156
311641
291844
271616
289792
270252
310935
277330
308373
288585
296968
290071
289391
296668
283752
305789
286729
270233
276046
272081
275457
280458
302079
297980
286159
291954
279571
293734
291850
308435
292230
292566
273049
287298
270657
287293
274377
312095
295754
311327
303947
302956
304952
273843
291276
306406
299021
299852
274229
286281
281875
300854
286315
270926
294420
279565
270949
282418
289882
312386
305448
279103
306580
277901
309513
271053
278321
301164
305780
312103
308781
298928
272098
312785
273366
302512
309275
294269
277191
309835
310322
303334
275688
313471
286750
278931
274449
306534
277915
293882
310866
310352
311272
293143
312548
290846
294303
289304
286227
304026
280708
311525
302357
301436
273104
273563
304539
307584
310490
310873
305050
288576
297406
276322
296725
284976
287561
307818
276075
309728
270624
300114
294959
283424
271846
283451
273944
287135
284304
279722
309461
288145
280388
290768
293111
281504
290795
301478
297686
276067
295985
273288
290362
281979
296528
309669
299295
286064
285000
271673
314294
298540
285153
291549
311231
288048
270454
278322
298533
286730
281335
294698
273396
294862
307923
304303
302776
310894
283609
302458
306196
313748
289839
296083
291761
277460
270839
300011
296407
305237
296003
302024
295257
301789
298147
294584
304561
283949
302818
307287
291590
308723
285670
306987
279647
306542
300002
270261
270195
303531
271276
285854
287747
299400
309985
281011
291772
285694
313083
306260
298977
290204
292618
276923
274091
283325
288568
305818
297441
289519
299339
304459
305463
311888
312744
308931
286264
281905
279961
296545
289761
296501
289432
289534
300187
299879
297504
291472
314988
294452
288742
304193
300318
309216
291693
285207
277891
271675
293941
313535
271033
270593
291994
292454
296323
289433
282483
305641
306528
290302
276592
281812
309072
290713
301659
272729
295975
279353
284363
300236
305265
303644
291704
279987
312590
312855
271291
277212
277852
307597
279845
270873
277672
283938
288884
303807
276756
275003
309139
291528
284400
285168
298299
311229
281082
304626
299471
290152
314353
305210
293080
286256
296791
310955
303372
311399
291401
284121
295323
271928
273986
275116
288972
309293
278869
299366
285962
270729
287289
314748
295141
279413
280996
278957
291476
293349
279389
271661
283827
284998
278394
276552
314962
313526
309220
292374
277650
296157
292603
304771
282950
294864
286690
286870
276253
314894
291802
312969
313865
293627
285961
292667
280007
305385
278592
277844
308235
307303
300415
289034
270584
302445
282732
284881
309533
302573
312818
313638
290226
307999
300033
284164
312834
300107
291081
273923
302278
290155
306215
285381
289537
290406
299953
293607
296480
300302
286922
283367
278546
281768
294903
284401
300879
275893
298727
279792
305353
277609
276431
300032
308708
311864
295445
310728
302218
273425
289872
298864
279621
282800
313256
314441
306063
289746
298154
303281
308849
295004
279058
297977
284886
284993
272464
301795
295955
289804
271430
299046
299172
306352
299555
286072
270621
293935
290211
299980
288138
282629
285639
275959
275245
284828
289530
270748
270217
299938
286699
309927
282461
299029
289357
309845
313458
292980
274283
295950
276847
312404
303555
280735
285924
301330
282435
298360
297656
301446
292674
295749
284969
297653
292728
299789
283904
305309
311473
300929
302374
289174
284009
297845
312915
306470
296126
281281
290589
301935
297934
299452
279391
271668
272710
311768
294897
303229
309698
295191
311504
293066
271850
282899
288502
297699
280428
312577
290845
282187
282539
282277
288709
293686
293910
295262
309586
273263
290820
281827
306946
276420
290987
300717
280126
280499
305361
279132
301713
286049
311165
289603
307787
289366
291445
295273
286694
297607
270702
275881
300950
297879
303167
303416
307779
286028
307838
287599
277468
272585
303603
277134
306927
273785
302414
271183
289454
297300
297872
291096
305957
305402
298486
287914
294421
296815
310517
284942
276920
314464
299638
283517
308395
277686
286539
281574
286320
284514
283597
314412
299522
282276
307015
291055
314468
295862
276319
310853
282143
305086
283236
309006
290464
287394
272915
282146
272181
309311
272644
311179
314742
314073
270465
271165
281872
272813
277563
313741
284501
286421
292892
311686
274500
297120
311604
309425
282263
296860
309433
313728
272969
272189
282761
273115
301158
279561
304596
282123
300660
314805
311833
283151
289869
299133
314150
292355
272331
281483
314595
282037
283059
277747
312738
283529
307056
283469
293730
311825
288117
299380
282340
312283
291410
300670
282200
304923
288765
314366
312330
294641
285984
277893
304882
293532
309495
279401
289683
307780
272527
271402
275787
292500
273564
288349
299924
305982
308097
302385
284200
295308
295893
309094
283702
305971
294830
276415
278510
310480
271271
313499
272672
294828
301101
281478
293937
310871
289027
278193
277708
301594
286152
310056
296330
301125
296683
287624
295084
312074
299358
305913
310477
279366
301415
310473
277220
277238
271503
284057
282527
283048
283653
288332
280308
270647
293562
290206
275455
313696
298068
271594
289608
293917
271484
289484
297944
279235
289898
276515
302505
291785
285483
292798
277142
291006
302739
307028
273831
307171
280989
278202
273555
282088
276750
303789
282701
314382
281879
299578
281834
314218
311695
288575
309996
291102
288356
291626
303015
290048
314786
313886
301328
270317
281568
313912
270800
301081
287520
309035
306949
285018
272528
305204
314980
274750
271912
305795
307402
311556
297545
280586
311648
286026
303764
278801
289970
306066
280915
293747
278337
291403
280085
304709
300426
303149
278528
277762
310833
279724
295482
282865
272279
305197
305049
284804
279194
312528
275042
304041
282894
292811
270521
308129
306651
272885
307554
282313
310024
270734
274813
279687
286914
291308
291805
272174
273426
284553
312509
297887
286134
293950
278668
304046
270708
307852
302473
274859
296080
283905
296780
274168
291406
292862
298881
295194
286323
306019
279282
283972
298935
309585
274630
303258
303962
310877
270283
285656
283148
274009
309989
309305
311208
308567
309458
304252
293534
283160
286804
274503
301538
309180
294876
285929
272362
274448
273734
304527
278739
313914
305742
272298
277193
280656
296100
289682
310347
305012
280734
311322
286325
281426
304031
301868
314756
280504
270070
298203
302825
293133
273510
302846
270581
295429
312686
301306
277029
277155
311912
304627
305589
279141
287681
309209
302905
271490
288751
276245
278692
284680
273211
305707
310492
294607
311600
291840
289832
286366
286726
276904
301542
286329
295065
270214
311659
286367
281578
288871
302118
303928
287403
288786
313112
291287
299012
289466
300034
298628
290068
281799
293157
286621
314743
288295
307331
295292
309128
276985
291666
276623
275323
281052
309008
290078
292508
296637
298880
286749
277738
289412
297059
305406
298719
271829
279976
282506
285331
287582
284001
281711
277374
270776
281195
276433
311276
294889
275672
304073
300875
293632
275260
300148
289557
293222
302625
295231
287516
282883
293927
270049
274413
300427
286660
297320
294848
274119
280277
301013
286680
284875
274384
306242
297142
283683
287224
305452
284459
296786
303925
288817
270745
312263
285590
292132
314619
272007
304500
271707
287707
300567
314303
275579
271012
303063
308574
292710
286372
283035
313894
273375
299919
307921
289568
308515
301286
306102
270879
274086
289395
287287
272457
292639
286356
313361
281807
274348
271536
288788
281963
294758
272571
304577
272286
287417
289295
276939
300587
281636
307313
308122
275940
287416
284277
285074
286883
273488
285652
276890
314049
305225
306090
296449
287982
314221
282160
288670
271590
307908
298736
301509
293796
303683
281594
287192
302662
295564
275158
310107
270007
278934
307024
285821
297554
273798
297622
302832
314088
293630
311202
307482
274883
298762
297715
310066
290958
294639
278790
270419
275879
284076
313354
311675
273758
303104
304661
283069
283664
292471
270655
307877
303890
307315
280593
276020
282000
312445
306300
296778
308252
307517
308217
301425
312980
313402
314539
274519
302495
305573
289718
271819
286296
309603
306363
279532
288378
313165
274155
275707
311221
283272
289949
275697
272982
270128
314960
306276
303136
296709
288590
302132
295390
299884
273593
273000
284625
285541
284611
270110
306520
298707
287971
285109
271557
276132
302057
287202
270109
273789
305132
299485
314607
270843
303178
314819
289770
297619
305469
277264
304933
295076
274564
291215
290480
310135
276224
292602
292904
273693
272495
292456
312921
280268
277743
296752
287385
291958
298275
271826
309153
310575
303129
309573
284192
293169
283648
297858
283695
310168
276988
271671
290292
272761
309554
272531
286721
286831
304847
284467
290370
282407
270219
279672
281032
280575
281402
285671
272289
304684
310031
282230
274199
296859
301228
272342
281660
310482
271786
295078
288716
295325
271422
284764
298745
278339
291882
289786
291203
288671
301532
282702
271681
305329
289767
277538
292312
271930
279207
310292
302282
295080
275266
273702
295927
275991
270816
277525
292314
276703
311357
290856
270324
271680
282053
299801
308905
272541
307013
287987
285938
274265
292882
294414
307680
292623
275553
304692
299196
273085
286140
272916
312288
284486
304824
287961
276196
311462
278745
290636
292133
278976
270323
297312
309597
284865
294646
281854
273916
293605
290871
277646
299156
289486
297242
285527
301985
303368
288217
291135
311244
283240
275726
313501
273619
302147
279189
284339
273885
276308
278658
297348
297187
304050
289964
295278
312153
272325
293181
274035
293700
273799
286810
298057
271068
304411
306697
314792
294631
297026
286190
290735
310235
290877
306152
300385
284543
285294
285507
274726
293090
309526
309540
276230
284883
276133
302927
304586
281104
284840
304508
279057
312700
278899
314499
307192
299368
277487
284278
281976
279027
308641
314806
285666
306938
279804
299810
287120
302367
273431
311468
291347
278786
280477
275977
281942
282536
313663
270772
295794
295440
309654
275262
311197
302752
303067
313146
291517
304284
285712
277560
279929
312544
271863
294738
314195
307771
296266
302452
288843
306869
282365
312716
309240
312760
280781
308738
286599
314327
281347
287663
297154
293986
284293
293149
298520
286435
288957
290983
287823
300136
283800
283983
312399
313257
283577
279048
283099
309808
296422
302653
276821
297351
292607
286269
280480
297593
278304
286898
272744
305006
314040
293811
295930
290112
289113
308063
278200
275525
305979
282728
305184
283595
293885
306878
289165
310438
303608
293187
270200
291216
297162
283150
285719
291273
298813
271808
283488
295593
293982
283705
298494
271608
298319
300170
288558
314128
282307
279658
281416
300073
281146
306430
276585
281118
297143
310706
272305
270857
285307
293162
304167
309712
308091
306640
308378
279932
270585
312540
274280
304010
272865
281010
291914
304247
280276
290633
288853
291679
303192
288036
288194
298675
292279
285826
309237
286768
286501
300298
305318
294291
285056
270967
312045
309012
270747
303567
280424
282169
302545
290037
313878
293785
272417
270040
303236
296477
278288
309413
304891
282650
297237
275545
311664
299364
284384
274165
290562
279685
311509
310700
292492
274962
298957
271126
314030
306616
294015
294957
297036
302852
311331
298886
289011
270071
310582
306517
296308
301841
296894
304122
285420
297311
280398
301611
285320
273402
288453
284068
284470
276524
294324
284921
289712
292271
289415
281762
289690
289263
282370
278723
277600
285509
275186
271480
288872
295031
275770
312359
272029
280557
310657
293015
283984
314276
310953
307137
289890
276705
312424
310765
275610
292548
270198
280646
314724
312943
304034
272247
303184
307541
278492
270250
303233
314939
310691
294320
280814
299136
298738
296448
285971
279793
295448
305119
306677
311868
285219
310145
304859
278768
312017
272561
286825
304842
296048
295759
311445
311645
299193
292939
285709
302869
281500
279206
295673
313617
275864
307089
310007
313557
278677
286157
310841
291617
284934
291670
302151
312864
282429
311747
276342
301291
307403
287736
303479
277745
280533
286284
275396
273356
288192
306064
306585
277439
277451
281086
274543
295261
297844
303198
312334
277427
287317
284944
287436
291160
272789
313100
278402
303814
314948
305142
277096
284188
297279
291444
308076
272338
300838
285347
288838
299081
300253
295891
288841
306095
276400
288167
288401
286796
307837
307992
286476
285081
309755
275665
304845
301906
274408
272000
280445
288057
297439
284494
273452
278106
272757
273858
293314
273541
312276
282364
278663
312049
283097
310260
307520
301139
306262
280351
292349
296176
312102
289647
290767
290459
306364
299601
284471
298493
285681
287656
301665
313940
300485
311167
314337
292856
291599
274277
305004
271032
278435
290036
272245
311538
296487
313040
271077
277442
276478
271253
291841
272830
299453
273931
300685
278672
309208
292910
272304
287925
298963
314979
299463
277892
291794
270532
275215
312709
288519
270962
306101
300610
276244
272322
271414
283738
298872
280421
292249
279123
291582
309067
277677
296185
273940
273105
281126
301835
288988
295109
303464
311915
298597
304433
291375
282635
300741
311871
309713
301052
279420
288272
296180
280173
314990
294391
270651
292229
291310
277028
287510
302816
275843
305613
309794
275055
281129
276835
273581
310469
294387
314652
297774
297020
286466
308455
271911
311946
296195
300941
305018
309975
310554
281105
277306
293722
292393
300886
294242
273150
282945
278476
303701
298040
295197
283398
282571
298300
279172
273698
289857
287723
284273
275567
295781
293406
296321
300342
288828
308109
295588
273804
296881
277397
289103
272372
277516
272150
294696
276194
277886
311254
304186
307073
305837
290214
298984
271395
308108
305677
310518
274326
273064
295306
279291
271319
299706
312313
277112
277503
304162
298456
312317
287537
287484
293106
309013
302829
284090
284933
284180
299333
292944
305401
308930
307280
313784
288264
308956
312220
288068
281667
273776
299404
303034
273507
290297
289566
313419
271993
311059
296065
313527
313538
281069
301990
288730
299918
279100
279186
311178
308080
272211
313058
293018
283039
307123
308762
285878
270936
299229
297555
285985
277062
291023
291533
288925
282957
314009
292395
293313
275411
314260
293006
311349
305608
290956
278037
288282
307594
292627
286889
286734
313517
292636
291422
302425
311707
289145
299607
308381
312186
284617
313922
311036
304999
293288
304697
294975
278059
286492
302198
270802
302310
282286
299042
308900
311014
276034
300530
287050
306934
278570
275170
310344
297346
288253
275165
276994
307117
277024
279288
285083
281121
307718
276029
287113
300299
285621
304192
273077
313137
284657
293856
279040
296210
293517
275563
282513
309746
270861
311567
298085
310422
287442
308472
306837
283034
296344
280827
280824
293003
306030
310196
289826
312811
303963
313087
299341
285350
271576
307590
271985
310159
275011
311497
273697
281941
293079
300893
309657
274982
286180
290931
307659
280676
282759
272146
299773
305857
271647
272110
276072
297878
283179
310699
295145
310932
287313
271736
284766
306771
311147
293298
296575
310710
303589
296168
276429
310209
288969
303446
281715
272616
289268
287041
277984
306438
291069
305829
283946
273444
293115
287912
300094
311897
302207
277168
273214
292935
308361
302243
284704
282124
288176
299262
295295
281583
308844
301947
295768
307376
271670
271005
282668
308945
290137
296387
314666
312440
299976
285359
305915
312845
297861
272848
294834
313414
288379
296794
285529
300748
312841
283356
275653
272767
289370
275687
275657
283005
302032
307958
290649
286338
300495
307622
301994
313253
299786
303838
307681
292428
280741
277801
313059
292105
310849
285215
296130
310334
294075
300474
282465
297145
288960
295549
294279
311279
283139
289886
276739
307149
303856
289713
282623
305978
285312
277128
276282
302882
314674
308566
312987
312866
313698
299214
304478
287984
288769
275211
294679
300273
313048
291197
297189
306387
307557
282154
274144
275841
307364
295182
310617
297820
279654
291241
276014
309945
290938
294656
306874
292938
303876
313570
291633
311643
301453
274057
283004
303140
304853
280099
306013
288215
304837
304434
292464
284938
306050
275223
294812
289348
281797
293584
288999
286451
311803
276383
285311
277478
273095
276161
313558
286711
302387
314183
299308
314005
299597
307530
302775
280628
313826
295072
287631
303579
270756
290718
306136
275504
285431
302389
296381
286071
283353
299273
299936
280657
294461
303426
282824
279349
270262
282325
299213
272992
289334
297438
305581
295779
273715
308796
294445
277040
310784
309858
292188
297692
298063
285501
296366
302750
271822
290623
272579
283452
283519
308319
289196
288623
309254
306204
306109
292239
280822
308817
287185
273021
307367
298624
286595
279920
302678
283870
299448
275195
288339
299650
297683
303173
301700
287686
292396
288478
295442
296010
274047
271554
278317
280820
300596
308543
274775
313193
272399
281890
307849
313069
284792
293751
278858
313183
278708
276129
273416
281020
278961
292453
293873
314624
308536
270416
313989
275645
289602
289358
283226
273031
284946
289685
274028
313777
285633
282341
287112
275692
308229
282387
297080
278860
297437
302609
303955
283464
305491
299692
270098
282689
311345
292167
300466
300100
294763
313373
277576
303196
272388
300135
281153
304992
307669
279728
300758
277718
298423
313701
287841
296368
290873
273753
278777
283729
282001
303970
272020
310288
304679
306676
274672
312156
297648
284064
277908
271508
299557
304968
301674
289808
310026
288513
289013
277916
272507
311142
311043
295970
308672
286758
296364
278293
287688
307046
270953
285824
303335
273161
277836
306375
311838
301258
272658
312319
288418
275754
304953
306678
284125
308656
272666
291775
298265
291193
297357
305140
300288
280803
310017
303727
314600
273893
285559
296748
270847
276366
301304
309562
298843
282097
277340
307314
294482
293651
296273
286828
288583
304163
293579
306448
277294
276394
297046
285315
302615
302103
305297
291733
294302
311342
293307
297235
272290
314852
302661
309725
291532
312746
290442
309821
282608
282773
291628
299602
314881
294347
275625
278372
297802
276948
287121
283734
278248
292672
312550
298819
298596
271453
297434
285822
308157
304897
280881
280074
286231
290082
303739
311730
305159
283375
281778
291413
299867
286966
277289
307917
290885
293410
295026
275225
309292
272194
284851
278784
292894
307749
276065
290280
280035
298868
279267
291109
304370
309299
283538
290727
284478
288523
273277
276204
307484
309677
294859
292442
289616
277201
286612
290499
314895
300208
298250
302188
279831
299019
294422
294178
292786
293276
270304
270482
288507
298642
292181
275488
273445
297793
301233
285500
271418
274012
279743
293968
275715
282690
308597
304732
291393
289902
309973
295386
292610
309093
300853
295915
286307
283118
281472
281865
307456
283897
284083
300454
289756
302240
313839
300247
299560
284511
304238
271687
273482
314559
294311
271699
292643
306722
288251
302946
293224
279606
274569
299145
276583
285612
294013
306261
314208
273855
301405
286437
288885
294103
299942
304821
275100
314551
275920
283064
276675
313349
271731
310781
288826
278765
272901
303238
295229
273628
281910
305562
306903
275876
282140
274201
298437
305664
290903
291696
284524
298692
285057
294719
277638
298724
283993
301184
296939
301461
307077
300611
276687
272237
299534
306574
279562
311130
313915
309834
307903
285334
275595
274203
282378
297178
283468
288829
300097
279441
302145
288329
300263
277544
309502
281821
293647
301175
281107
292362
284463
295054
291431
270491
308953
310081
311856
289670
274579
286703
278374
306331
300863
277266
301141
278477
286823
285010
295615
274506
291523
302106
270902
298383
307243
275040
307230
307139
311081
307580
314270
284146
306424
306817
297395
291369
306589
313025
295177
281751
277003
271157
296610
280044
284170
271045
275199
305966
275935
271285
304786
283391
283559
305173
303345
298871
282488
301853
297135
298712
302023
273169
311079
298636
306193
295056
277064
284417
293179
279311
285298
306747
314527
302483
292937
280444
287161
304883
285638
291374
272276
314947
305817
273502
304298
286345
276747
301963
314961
277624
300623
283125
289398
277321
279246
294132
274702
286164
276418
275205
296087
300657
311531
291293
278904
311599
305151
313470
294921
282301
270409
314940
295424
302770
270957
296763
273290
297282
312531
296781
312018
281487
270369
276740
284594
281457
280743
299034
310014
278085
297783
278891
304706
289383
309848
297410
278755
284361
271227
284940
302390
297014
281838
292451
304281
285908
291073
311262
312249
273309
282474
295982
313085
286145
271905
283985
274817
274156
270943
309939
292334
272762
308669
303895
313994
272294
298017
303906
312112
281732
309655
311492
307955
289092
294413
303248
313160
280639
287016
270289
283604
288027
277613
281713
307283
278206
281806
300487
306807
302952
306367
301147
283852
276758
307100
281993
275854
296326
275874
291036
276887
297131
283991
294990
312060
274146
297217
283889
283352
282024
295918
292583
310106
291981
312071
310863
296384
288683
303546
289080
308184
301060
310755
291910
299500
303835
287483
301245
280571
281257
302255
271043
306554
282914
307745
270686
274093
271956
289021
283022
278565
271464
280329
293558
312214
294150
274580
311930
273928
271697
292529
284682
294249
308431
304233
281163
305085
301314
294906
292941
301751
301733
306933
307042
304940
277667
297589
295959
279694
297524
277831
293715
284036
280026
270609
313013
301628
286055
309639
295758
307115
302191
313952
294186
286214
311608
289973
272299
283214
279447
314367
277779
307132
305252
314621
294681
294659
312032
274660
295383
295392
270648
311809
294989
271392
284731
275503
274548
299237
273136
308005
290722
280016
291769
289628
286929
291595
293458
297620
290755
305544
274402
300759
300210
291335
306769
302448
286801
313770
272990
307179
295024
288943
295790
298028
279407
280091
290679
302755
295014
289990
278383
306956
272300
296522
292351
310816
276888
310279
311406
304555
314541
274455
288572
270385
279440
310286
314378
284508
283480
271442
291588
300189
306565
300274
306991
293573
275159
279006
288873
292365
304862
297342
303659
287252
295924
310149
302722
284145
271962
289020
283431
311848
272772
299800
304835
299639
275676
301325
302498
313425
308729
308915
310357
297296
276600
294727
308489
295326
271295
277586
272649
277161
271807
313132
307130
306055
311790
314413
299909
308065
303299
271748
272726
308636
305540
291089
307489
292855
312757
287722
274563
299234
290086
274619
291366
295638
275304
279398
297419
288144
272158
309423
288833
308343
306979
308857
306396
294393
273279
287291
302202
273269
308289
309588
284154
270210
303093
270061
270536
307769
292512
290196
289240
299775
307800
304549
284398
279625
296282
300169
295809
289140
282739
280780
308615
283713
304873
297976
309644
311746
279750
309047
284065
278569
304937
270740
295114
309980
303375
300125
290357
281680
299753
275354
283307
294294
282518
280840
297060
311416
290549
277592
280259
313288
308002
285951
291495
305657
289594
295632
301214
312260
287306
282114
310665
291541
278156
287281
297786
289707
295483
275370
294325
284653
304941
285143
292833
308072
271289
307459
282431
273935
281404
302729
278368
299268
277481
305124
284137
271451
283657
312589
284695
303470
272635
287555
286298
291719
286243
305288
278230
311101
287617
282893
284606
307155
307506
312717
301902
290634
279480
306873
276188
287666
284936
279025
284095
276202
275114
294006
291581
308863
301162
305621
306662
300994
296920
279889
301524
301965
281904
300155
280821
276312
283315
306818
287867
285236
304313
304184
293933
276529
270588
281677
288496
301361
288609
313099
314380
304589
301236
284935
308415
300043
281641
308878
278153
308321
309318
312210
281024
286343
293271
279225
287731
282163
297662
278763
292370
290490
304694
286030
274401
309765
272445
307974
281296
275822
272826
297590
304680
288310
305397
274256
286614
287183
312714
275923
288875
297008
275875
272088
276912
294629
287846
284320
281396
288112
304274
311893
280930
278501
307165
281208
276267
302418
288002
295724
312788
285019
279242
289891
297196
291629
294520
280901
309626
295565
292016
277565
296713
284208
289496
282512
278913
307227
293304
277776
295423
275181
301543
306222
298435
275369
288481
304969
271992
285888
303923
314103
298914
311203
295129
293702
290062
301295
290185
282322
285877
283314
276868
283867
271423
276407
279192
306134
287122
308183
305695
306423
311760
275522
277449
304437
302436
288377
308846
281343
309267
306804
306398
272743
299974
311319
271975
273547
285570
276262
306235
299403
314668
294771
313249
304111
282212
296934
276936
297477
300665
280430
313457
308120
291239
290402
278468
295313
301569
284655
312024
314553
279744
276942
273230
308501
292827
274892
276839
311647
311973
280092
283250
291787
282048
307724
278305
281997
287054
306628
273242
297863
275683
309497
275144
279020
303394
302203
270979
296687
279254
311184
280189
302974
292367
287812
290638
301557
296338
299635
297183
273253
295132
290763
283299
312280
294728
305227
307950
293441
288985
283943
294896
311455
309394
311950
298111
299864
312224
308630
314459
271078
309290
278879
284492
285953
285246
272989
302805
306210
310870
310995
296991
272814
291757
287355
270961
296050
271791
291724
307526
274393
308608
278504
301597
298922
290988
303812
309789
288729
308422
284300
300804
294677
285355
301584
281398
296334
312069
306653
273270
271800
312326
298033
305856
306776
313667
302568
313005
313020
274034
293642
300824
313627
299910
300376
292921
288911
302183
276293
272760
272965
275325
295288
294053
286528
299272
298297
307448
294185
295586
278091
303016
301284
303087
273265
310548
311328
287583
282768
277781
309525
308703
282589
290066
309236
306354
306936
281733
281180
284914
284788
290801
313228
313127
294567
273579
294301
282051
292570
294688
282619
270279
283278
295719
296969
275360
270971
292857
282958
275564
274556
282895
304066
312597
270001
272558
312486
296826
295100
274217
303072
299691
285031
281014
301203
277936
290146
281843
281915
275746
305861
308517
280405
273979
293198
298289
299549
282299
298434
294638
280709
276648
288898
304194
302537
308119
301209
274969
312371
276496
310610
274056
301685
310456
303144
299440
294766
289458
306691
271072
294702
291432
307671
305449
313466
289532
308340
276483
300754
275751
307657
278171
291466
291512
283744
276925
281849
282959
298288
313039
277497
290814
292665
309327
296750
311798
284269
278721
301939
277055
302048
310248
270498
302732
295508
287725
295746
310991
279803
292845
275145
302295
301134
291072
281488
289058
286274
287964
305560
313451
290088
305068
311534
306456
289822
311895
277969
277308
300680
307651
314360
290853
305922
295388
290075
302342
307296
284303
303168
306179
311863
308416
311858
299581
298590
290813
293615
300283
282597
271457
275201
292126
304530
311554
290492
289104
271796
305844
306269
276016
273018
304708
293182
308896
301445
277616
307658
310661
286504
282104
276916
310449
301574
291791
272645
291746
303488
292698
295499
270186
303515
299594
272166
283963
270167
293493
278596
314446
309038
287780
311065
280439
292384
274932
273377
313829
270280
309340
308272
311169
305738
276663
297580
307423
280675
276526
303249
300142
293870
273723
290537
312449
302358
275987
285363
290512
284223
310855
306246
309679
275925
287737
305862
297292
307824
278971
293566
310769
306377
272845
309898
295800
273578
296361
306464
312475
306572
270682
309707
283370
311575
302469
295002
286068
275001
288965
303465
306694
290170
308898
303363
274811
280583
305034
286849
281836
277920
301814
295937
294453
303166
282947
288865
303771
311105
293841
313319
281645
310369
314712
285983
270108
300359
306294
281868
272692
312764
300909
308169
273529
273110
282214
314843
277981
289577
282136
302506
310688
312975
298616
294167
286003
296194
282845
271396
282141
299770
303553
303094
273141
307700
305930
307832
291678
301592
281321
314593
290450
276902
274289
282784
277725
280791
294664
288881
312086
311259
289066
299747
288239
289966
289922
299157
301424
304473
310401
297989
300334
305914
302605
297001
277416
272323
272662
292089
288372
313027
308003
284290
303899
291238
272213
300234
302903
306758
299160
313808
280175
280904
306153
288903
278780
308731
311210
312684
293094
295098
311390
274546
273002
283906
288432
296906
289000
286752
276178
275045
298232
286133
281429
293451
284771
311135
278568
310783
283586
294839
299792
302501
288579
285211
280877
271323
313363
287844
276350
273001
274850
291611
288444
291659
313999
289854
309622
270608
292194
298416
307587
297708
285607
304868
289640
303676
304021
282662
277182
275847
290717
312177
299282
311467
276427
307592
297177
301934
310913
287503
280264
270475
270791
283591
287248
278525
280337
276551
271467
287267
311407
288494
308073
313163
285970
279682
301811
277122
275908
272601
303704
273303
307256
298126
296921
303498
308572
280159
299857
273601
280951
314018
273875
278274
302928
302789
296633
274346
311247
290403
313981
313715
306295
305136
313341
289985
270850
280964
310380
288874
286170
308074
272625
291093
281235
312599
303036
311293
299666
292802
288012
308789
306778
288577
292225
273604
280689
311053
310705
308909
293657
273905
310966
276432
275784
301077
274296
296822
283909
296225
301191
308605
281178
307377
273818
303294
272357
291417
295506
271398
297435
284023
276181
278188
283858
310904
277879
277679
283371
307970
307184
294105
301078
272094
314766
292818
287887
270470
309086
290335
313708
288004
281665
292197
292176
278161
298093
278557
297193
294895
291521
277800
305339
274237
298424
293342
274095
281401
289038
273028
285255
310188
310199
300149
278326
284131
273643
275115
302296
282928
310659
290580
288868
311660
310005
274976
289204
273248
285075
281515
305511
291829
311776
293966
291085
297431
306231
299135
314210
293002
310424
303042
297227
277327
299610
296857
302889
277822
288468
298420
295048
286429
298373
277251
299039
273220
301920
285469
305989
279195
302444
293725
293338
313084
287455
311756
293879
305855
297615
274347
282851
294684
310557
273836
297730
311610
280591
303450
309444
308107
277070
295887
272116
290322
282290
284631
278875
285427
307519
271895
285119
297813
285433
302110
279266
287928
274285
312026
305832
308325
280072
313284
280994
271623
300688
309385
314421
294001
294043
282481
307948
307509
290657
304877
301754
272877
298007
281575
309787
296161
274364
276921
280742
274919
288159
288611
283153
287646
313437
293992
311136
273704
310858
313316
292438
294768
270499
311290
272259
306783
289621
278375
291632
274788
278902
292012
300150
307061
296612
272453
298791
298142
313768
310300
284029
287280
305239
303325
285602
295238
301579
284111
303953
309152
280132
300272
273298
280538
312202
313432
292843
311363
307094
305317
310750
274400
303200
274613
292021
283143
312920
311300
273840
276390
270480
285415
277678
311536
306042
291896
276354
279871
314481
308816
295435
301261
300085
305898
304506
313923
301012
290979
310029
290163
295265
299998
313368
301443
272980
305813
297695
300387
311102
299537
302073
271023
293780
295729
306578
296497
302837
270523
277324
300321
295722
303050
276206
302879
307862
291899
311141
279985
313532
297931
274160
305881
270512
298855
306887
307834
291656
298269
298908
271640
308991
306825
308794
274178
284172
300687
290041
281832
307074
270550
279162
296753
287191
305839
311875
277411
282724
290279
306347
300938
313881
300301
295718
294891
307730
296743
274949
280210
288488
302142
289451
280054
307734
297152
289371
297322
284238
310552
314274
283475
283196
273524
280530
302279
308452
295501
291900
313742
312333
298512
292267
307612
307431
300122
283964
283557
279301
273719
298355
297163
309515
313993
293454
303472
276946
274180
291843
272284
292201
306305
282229
289883
308797
278042
273503
298010
289959
292934
278901
309785
292814
308271
290920
314530
281220
299698
304970
309953
308116
302896
289688
286112
309604
280263
273287
270469
312281
308372
294444
274159
271240
281917
313550
295113
289535
298048
286982
290303
277821
274520
312813
296059
294172
276832
282496
283814
283757
314589
292338
273792
312070
276428
302780
312536
279134
274903
276660
274082
282004
313227
300577
276808
305118
286649
298545
292235
281846
309312
310001
301227
313512
310167
313764
286731
305350
286468
302055
313901
312100
297497
285606
303003
284424
297988
278932
313780
296491
271483
272351
301408
298999
275121
297264
274029
282630
307294
290290
298717
290305
302778
288737
297614
289678
279284
280869
291429
285258
290412
281900
273833
305928
311953
289277
306422
276491
275823
294613
276769
280475
290349
294128
292772
283912
300368
313913
286098
272374
288107
297119
294928
286000
303086
308803
284000
282908
280969
283260
285171
274764
288490
284073
300312
297971
281461
283131
309745
292262
310722
275872
270226
279908
308603
312603
289365
290882
275128
272145
288480
280163
288094
310033
289384
292683
303255
272949
271174
282617
286418
285135
310788
284528
282659
284575
294349
280125
272891
297601
285375
287342
300848
290029
299311
299438
291126
270985
282637
279527
303633
306720
277682
288674
291370
291278
293604
294913
283670
270940
274772
292404
287512
305194
294774
296340
295732
302799
311330
282969
270578
275549
301201
305381
290892
281364
277149
289247
304819
287972
307627
273945
281547
288966
273281
271599
301785
304907
303990
307087
311095
284871
286357
308792
282613
303338
285910
276036
309393
301160
273732
305021
314569
277180
295819
276882
309651
311082
302453
312005
277786
270075
291887
284709
306420
277360
294711
290377
288334
313460
296376
302378
298076
314214
287028
288342
291025
277671
270311
286358
279126
310926
310375
273539
309345
292781
284831
301310
271696
276215
294274
304218
313594
302519
277205
298090
312972
289234
288896
313964
294588
287002
273168
294149
287647
303317
289587
292629
290168
293662
293001
280389
300035
294835
311297
314993
281029
277229
274593
291112
301877
282967
277275
275756
283310
277911
293643
295810
279073
290177
273350
294023
285269
279317
302341
270438
292085
275326
279377
290232
299860
279877
286085
287922
277827
298372
298032
281436
291450
299785
279523
303080
310648
301752
295377
284667
277401
306511
314285
296890
297095
296486
305882
291090
313126
301787
309920
304913
303735
294654
305583
295607
273056
284285
283462
285069
296248
293640
288149
301834
310240
294528
304534
278034
296106
296450
272517
296852
305040
284354
304410
302037
303058
312601
278406
275809
295531
289696
305155
294937
304107
296525
277195
302590
300625
276222
277298
288606
291998
294235
294227
281753
271426
270928
272754
279451
309820
280981
307971
302604
286155
302116
283759
271763
305263
277462
312731
271656
296759
272277
300365
283976
280609
291211
285102
272680
293995
274559
314533
276735
285217
299382
270896
303874
277267
305784
302734
311176
299306
305274
276561
297343
281076
305980
284700
283345
305419
295847
276401
310090
307407
297231
305986
300258
303389
287395
310861
299286
288097
285711
283247
313957
282240
277515
312879
281948
285191
274679
275771
286460
306990
273419
300991
296593
306921
288080
280423
272718
277258
298175
283826
272231
273568
311797
277499
282337
285555
310027
284117
270013
310257
300289
306881
299564
292294
299622
284443
287047
294247
282223
308443
276682
303578
289986
277033
274530
285482
276969
306115
285556
312715
284885
306219
276631
304045
281438
302416
289411
282712
287036
278940
292586
278480
312824
281884
314564
275853
314406
289545
299875
295856
289972
271213
275227
296339
305501
278517
284889
293593
286297
284880
280460
280688
277225
272095
290909
280454
275236
280859
300745
290604
312079
304608
296196
276892
308383
312463
277175
283024
296103
307603
289044
288700
293768
270441
289308
310392
274104
298851
309075
307300
275352
288172
280171
302212
276676
287697
293422
277780
309581
295355
312450
273442
270631
307935
280644
314904
306293
300375
296466
278960
292171
273942
282609
311261
302208
277406
313090
289150
291154
285418
308483
314034
279931
299727
296576
314902
310183
294521
307673
282551
297493
274219
291928
287571
300025
292236
299496
286701
294671
299302
300332
285897
275329
304791
294663
291333
294718
302288
295827
305306
270904
305860
277947
311457
302236
297000
290770
282887
295548
288427
271246
306792
314036
275270
279506
273318
309814
301599
283802
274325
283988
311891
296131
291894
275073
270596
308203
296590
270147
299836
289434
281348
275434
284453
286132
300570
280921
279159
314991
271478
295123
281666
288126
302836
276978
313086
291250
278454
280079
270308
306971
270471
308653
308324
312098
295863
294156
281245
307689
307433
305527
277870
297252
302028
271048
294742
311670
278939
310350
304930
291799
291013
300915
288169
313377
312586
277456
295244
289443
290825
301577
300513
313891
277126
271270
294468
291388
299865
311951
277751
271584
304109
295434
304914
303883
293414
313740
301608
282993
305077
302273
271339
307637
304499
301505
299239
295260
311580
291789
287612
275662
270428
308132
282428
279163
296101
288244
291235
307569
293794
270096
296866
283053
277540
312473
289983
274913
