352979
324911
358386
328822
359810
333495
340555
328316
327929
343374
358684
341716
316570
355273
325855
323718
336247
345423
334495
322615
332515
345443
345602
316388
352633
336716
348138
325852
336964
324354
340946
339780
356447
342245
358592
344814
344041
326275
329006
326899
321807
355409
334536
330837
342159
318016
358195
319729
333754
343326
324661
325229
358562
331207
359959
357192
319193
339676
345086
321736
325520
322707
346167
351149
319518
325500
327570
348223
355307
340047
324351
349390
319538
318863
357936
328620
340082
323919
352850
355136
349857
357954
332247
333392
330423
348301
318401
321100
356230
319419
330226
357786
333335
327830
323124
321316
339189
341596
358366
328847
350154
319157
351830
338146
328817
346735
349354
327733
329858
317705
318029
351943
328267
317624
337664
322262
357252
317296
353469
348213
346863
324545
326605
319741
336960
346470
330158
320533
358906
333552
338394
355148
356696
352869
321184
343061
347098
342638
339012
316114
334016
321605
355243
331027
328602
323279
318189
332102
323908
336865
345878
332704
352968
318705
331109
337877
342917
316000
319243
337531
324084
318125
352839
334316
337715
317730
315672
345457
316655
340631
339953
355019
341447
322732
339743
319730
339106
345240
348330
327892
354481
352547
338029
322949
345227
347891
316219
321885
316710
344584
320836
341503
356589
335005
329894
353621
330806
319832
320342
352450
345900
345343
354718
320857
327335
321193
334099
346343
320865
329623
315429
327858
345528
336426
323420
354660
333628
326847
349696
351232
315811
329815
316704
354138
352513
325894
336668
350101
348549
354126
356287
339020
320426
345559
356539
346448
318455
317135
337753
321434
323239
343304
327758
344095
349640
358055
317360
338699
342711
331906
323341
346862
317055
321314
333463
355771
331253
349382
320377
317185
320080
343897
338784
331591
324165
326393
341395
348926
342380
331580
341656
331511
346144
339576
341057
317111
347503
327472
328254
345083
347292
351524
358450
329646
339412
351317
339250
332609
346452
351494
317544
348898
321110
328172
315314
332146
325406
333712
340203
334764
359678
324444
347572
330188
322474
321404
341643
349894
326028
321757
320501
335397
343201
334833
351800
340750
323538
330614
316603
351467
323140
342090
335913
353130
350535
332577
334182
355852
322625
348604
319128
352656
351559
356050
331168
318633
319707
333783
340539
344363
332779
323278
316444
321381
331540
351022
343517
331079
348596
359941
315399
347760
353104
328268
316631
319740
333152
359193
320373
333524
352871
346305
320661
348353
329827
330488
354587
318933
336856
354134
334246
348018
330020
327831
335019
331822
342628
318737
339492
358399
318378
335399
337103
328174
335744
316788
316107
334100
330124
330917
316232
329194
324731
326642
329856
323241
346157
349366
359089
318460
340840
356485
335251
359043
315004
349811
326470
356239
315564
338894
356017
355239
326933
333266
359023
359358
347740
328168
323225
315297
342111
342287
317494
356162
326224
337969
339803
319246
352798
330550
323508
354881
340636
320907
336306
322976
323357
329539
347918
342349
319504
319704
317514
332919
317328
326081
333331
358722
355598
350253
354726
334132
322339
326670
352888
327968
332354
344502
358534
356802
345674
342110
347194
346188
322656
342698
346265
330113
345338
321810
323952
334620
331156
338676
354741
327425
338773
332109
326886
321803
316487
315853
333789
342173
345799
342335
337095
358630
348247
328399
337790
355874
341285
342255
324464
321108
335382
319241
336583
317740
346274
358342
346180
331036
351417
323249
316703
359228
330497
320733
346747
356640
320071
359442
315216
319851
345195
346641
353949
342487
319337
353668
351230
319513
358442
342827
351374
340285
343442
335797
324061
359635
339141
347146
317907
347304
349408
347910
339109
331171
349602
358506
337059
357268
351434
344862
339360
318617
316644
359470
331341
320478
341540
353260
351000
359042
356228
326331
327868
347241
338432
356072
354700
335723
316784
329217
346246
343041
335780
330388
349796
333750
315231
333353
338204
319336
334951
353968
327776
350666
358068
331635
333685
331537
337974
341805
326919
349522
335807
350779
347558
350145
355803
346494
340843
350176
346691
353154
323057
354854
349902
336080
317875
353362
359490
317554
335258
348777
315646
328624
320382
328924
337819
323256
344408
358977
318861
355327
346016
321915
327680
335586
330200
317874
351158
328958
357526
317868
355977
347432
325135
315898
316121
340237
340376
345360
359026
345627
338972
329720
336898
332935
326841
318035
316812
348975
319071
343599
335743
319303
323943
343344
329825
341693
348412
323407
317549
315354
318640
325761
337655
342483
338689
348863
333553
338426
331880
343233
344913
324433
349423
338578
321926
328459
334408
316489
343530
329475
331404
344515
358271
337528
320286
351611
315842
348007
329181
324786
315501
333900
324068
339246
342377
348921
356826
343209
315890
344905
319867
328077
335285
320742
347757
358106
347763
341165
345196
322094
346477
345295
343425
337513
348220
359087
339733
346394
352255
337470
323578
336443
316278
335687
357279
341992
349630
352747
316377
342303
324619
337284
356113
324273
343858
325381
323122
335535
336884
320548
340928
327547
341278
337475
333785
324294
359004
338249
324595
342333
339019
350776
340973
342857
340798
324403
335844
341813
342996
336245
345311
337022
318673
322918
336564
353231
326420
324553
335227
355046
322817
339854
344678
332566
327083
359907
328920
320264
332664
333442
320921
352223
316900
337256
324037
355945
345238
352326
319215
324693
322379
321865
333647
352864
315173
348287
345995
317385
333924
346654
318461
345012
335697
340332
350606
342756
347051
317004
356374
352006
327063
324555
358750
340914
350557
316470
342837
337060
330286
317851
353695
346011
331403
326096
339540
315884
338388
344653
359125
336355
340334
337859
344413
352066
333876
338881
359376
328927
350875
336640
338757
318862
326264
328058
329966
325324
343723
323909
323897
317463
318030
325665
323870
348718
345184
335533
318308
344015
320904
324538
359647
318899
321935
340149
347159
326873
358690
337849
333741
343508
337517
326196
328098
333525
322932
335228
341882
320762
321056
348871
351433
338269
357743
355229
327065
339205
333846
325992
331441
328623
358140
339113
329711
356387
343606
353966
343198
355377
352239
331377
338028
325059
318939
320034
353167
352591
357875
348494
340695
315116
348497
320954
334452
347109
322861
323893
359695
315144
337081
334031
331601
332284
317191
335824
324281
346779
339221
348702
325157
354803
326987
344044
337782
316162
345566
331342
319207
320946
356057
338836
349590
350258
359597
353993
330662
343722
342288
333143
340011
346847
349129
316131
321493
316864
344982
329759
330335
324035
333397
354844
335084
342983
358387
352119
359184
352350
322905
334378
345579
336001
357129
351654
332031
341892
326477
357780
356854
341941
330999
346959
355724
341730
339313
346885
328047
349918
358825
344700
358376
329441
317593
359942
334120
354329
358580
351516
345546
332851
341847
353798
334664
330278
341912
344993
319550
353151
335708
325536
334006
349266
335745
343974
323090
351958
357415
331397
334660
348707
320598
355778
354590
328641
336220
353899
336394
333917
338445
325347
331837
318519
335969
339993
335945
336441
320102
322524
342847
333586
357805
329673
359968
352942
327350
328674
350439
322132
342635
317943
326930
319421
351084
350701
315343
349538
358134
354009
345078
334794
326734
356586
322090
316175
333202
342486
338107
358491
351525
337773
344608
353326
334302
328095
337826
358275
359770
324299
341507
336428
343280
341516
357961
326380
339759
356126
359123
341358
327103
345548
334444
354405
323344
351001
354011
331379
331337
354828
358248
358714
323665
342520
324738
335367
332277
331174
320010
324233
357497
329632
342148
320343
318184
344206
330610
356280
354807
346572
332757
325343
329644
357848
334188
353043
347111
352319
318418
334512
315476
335267
322431
333393
347575
335506
334719
345260
343318
317269
350848
355946
320757
355547
343923
335197
320936
329228
337711
317746
339181
356619
358625
340414
352806
346984
353079
322217
344582
333380
342717
337989
354598
352301
341085
327038
336190
331115
344470
352961
343560
340205
319884
334825
315150
344745
343929
358677
333806
351217
350244
336822
345326
318068
325299
341801
333341
331918
327793
354888
341937
337678
356285
352475
342870
357682
346793
335253
320576
358258
334723
346043
357125
331785
355290
353358
331985
320975
332680
340154
324055
342165
347999
347420
352570
334170
348384
342550
343170
351670
340542
337756
343905
331812
357232
335779
345379
325098
349481
359063
353162
326070
337822
356097
346070
327774
332811
356284
332447
333363
343749
349378
324024
337952
359433
339184
322811
326141
354000
338473
346878
350987
345956
324591
324769
338965
322680
356138
354730
346207
352542
341115
330013
322974
340399
345861
328363
359142
318053
341097
345923
328282
333834
319273
335712
317799
351233
352791
326730
341332
341923
357904
355310
319162
325746
355922
329077
338832
358052
341396
359714
352133
324679
347629
355208
329488
330593
332605
356499
320020
340264
326476
316034
354792
348271
343186
317952
355601
346796
319647
359618
322402
335117
316866
355562
326925
356558
340013
328658
335416
358265
336846
316282
355467
342221
356780
318707
341914
347170
351680
340075
349750
332048
353094
339130
342030
330041
356031
339448
347081
321237
350249
340115
319152
325253
355967
343771
344818
340812
333221
343809
318154
324810
320766
345294
341343
350907
332456
357657
318025
335624
358435
329313
347686
355374
323494
345446
317404
330061
335568
321689
316139
351288
323994
343487
337121
315330
319995
330356
357033
337014
359130
351960
323194
342136
355121
337390
335356
343663
331790
317817
336530
351097
325873
323473
351539
319305
323877
340079
333387
339381
317608
335602
328443
340830
332212
342070
346491
359371
342179
341721
347089
315758
357710
321650
357842
326100
335565
349979
340139
346536
330122
345040
336420
319070
355472
334625
321708
354908
325941
333415
320568
315341
348967
315273
337809
357270
356969
345604
337237
357171
319615
325727
359347
345389
315322
349727
339652
339650
342263
337817
359723
356353
347822
332766
347438
336669
345641
352601
325491
356309
348431
318434
339126
317132
337633
355694
345421
352284
345643
353783
327859
349993
332114
316331
324826
331739
336340
346319
318953
331951
344226
315725
353801
326617
317265
338602
338978
341932
355370
358814
351978
355253
325036
350043
352082
315103
327075
341592
331609
318929
347225
329749
315640
359989
330486
359054
336434
333842
331185
356386
341541
333995
318548
332204
355745
332324
359926
321211
315176
355201
339002
317791
346426
339636
331332
341043
357410
317059
341542
348473
327266
351728
328681
358546
346717
352722
345398
317182
338855
342373
324604
336465
328426
324798
339936
323178
356731
321217
333376
347493
325009
348364
323247
331851
357662
321365
332208
330421
324935
353785
327101
317863
337915
319264
347795
348668
345424
328745
318609
323442
317893
320466
324060
334998
330813
326902
342203
335260
320216
344080
315292
356008
332364
357088
342853
335868
335576
315351
342191
326616
333154
357485
356617
333679
327080
335937
345213
358549
355931
355526
326433
346967
359773
321231
331048
344744
334243
347645
326313
320356
323920
330980
315681
355143
350377
350465
339216
333920
341481
331123
334828
352136
346758
322104
334287
341166
339556
338370
358822
343976
325393
337053
334002
358691
339477
345120
359363
326131
350314
317582
319845
323648
319855
324392
347286
332353
339318
323871
349455
334634
323145
323474
334698
324957
355157
344614
334284
333701
331432
352397
336713
343617
351201
355395
325065
350553
315625
334671
358902
323615
317348
334590
320395
348606
346280
327918
357087
320175
347603
334599
345211
319253
345786
336012
340907
343972
359318
346152
328396
353822
338062
359653
344466
325713
330145
344620
331270
316498
335453
322956
353526
316566
319689
356713
359704
331610
333009
337199
332203
353313
330054
342591
315892
331467
345779
349334
334487
331627
357748
316682
315430
326638
359689
341198
340450
325926
324830
358569
342156
356641
336844
316616
334792
315252
355935
322330
353373
333585
341968
335071
334391
341668
328752
350789
331729
315233
321046
317081
320457
325458
347079
342980
331159
336954
324571
338734
336850
353435
337230
337566
318049
332298
315657
332293
319377
357095
340754
356327
348947
347956
349952
318843
336276
351406
344021
344852
319229
331281
326875
345854
331315
315926
339420
324565
315949
327418
334882
357386
350448
324103
351580
322901
354513
316053
323321
346164
350780
357103
353781
343928
317098
357785
318366
347512
354275
339269
322191
354835
355322
348334
320688
358471
331750
323931
319449
351534
322915
338882
355866
355352
356272
338143
357548
335846
339303
334304
331227
349026
325708
356525
347357
346436
318104
318563
349539
352584
355490
355873
350050
333576
342406
321322
341725
329976
332561
352818
321075
354728
315624
345114
339959
328424
316846
328451
318944
332135
329304
324722
354461
333145
325388
335768
338111
326504
335795
346478
342686
321067
340985
318288
335362
326979
341528
354669
344295
331064
330000
316673
359294
343540
330153
336549
356231
333048
315454
323322
343533
331730
326335
339698
318396
339862
352923
349303
347776
355894
328609
347458
351196
358748
334839
341083
336761
322460
315839
345011
341407
350237
341003
347024
340257
346789
343147
339584
349561
328949
347818
352287
336590
353723
330670
351987
324647
351542
345002
315261
315195
348531
316276
330854
332747
344400
354985
326011
336772
330694
358083
351260
343977
335204
337618
321923
319091
328325
333568
350818
342441
334519
344339
349459
350463
356888
357744
353931
331264
326905
324961
341545
334761
341501
334432
334534
345187
344879
342504
336472
359988
339452
333742
349193
345318
354216
336693
330207
322891
316675
338941
358535
316033
315593
336994
337454
341323
334433
327483
350641
351528
335302
321592
326812
354072
335713
346659
317729
340975
324353
329363
345236
350265
348644
336704
324987
357590
357855
316291
322212
322852
352597
324845
315873
322672
328938
333884
348807
321756
320003
354139
336528
329400
330168
343299
356229
326082
349626
344471
335152
359353
350210
338080
331256
341791
355955
348372
356399
336401
329121
340323
316928
318986
320116
333972
354293
323869
344366
330962
315729
332289
359748
340141
324413
325996
323957
336476
338349
324389
316661
328827
329998
323394
321552
359962
358526
354220
337374
322650
341157
337603
349771
327950
339864
331690
331870
321253
359894
336802
357969
358865
338627
330961
337667
325007
350385
323592
322844
353235
352303
345415
334034
315584
347445
327732
329881
354533
347573
357818
358638
335226
352999
345033
329164
357834
345107
336081
318923
347278
335155
351215
330381
334537
335406
344953
338607
341480
345302
331922
328367
323546
326768
339903
329401
345879
320893
343727
324792
350353
322609
321431
345032
353708
356864
340445
355728
347218
318425
334872
343864
324621
327800
358256
359441
351063
334746
343154
348281
353849
340004
324058
342977
329886
329993
317464
346795
340955
334804
316430
344046
344172
351352
344555
331072
315621
338935
335211
344980
333138
327629
330639
320959
320245
329828
334530
315748
315217
344938
331699
354927
327461
344029
334357
354845
358458
337980
319283
340950
321847
357404
348555
325735
330924
346330
327435
343360
342656
346446
337674
340749
329969
342653
337728
344789
328904
350309
356473
345929
347374
334174
329009
342845
357915
351470
341126
326281
335589
346935
342934
344452
324391
316668
317710
356768
339897
348229
354698
340191
356504
338066
316850
327899
333502
342699
325428
357577
335845
327187
327539
327277
333709
338686
338910
340262
354586
318263
335820
326827
351946
321420
335987
345717
325126
325499
350361
324132
346713
331049
356165
334603
352787
334366
336445
340273
331694
342607
315702
320881
345950
342879
348167
348416
352779
331028
352838
332599
322468
317585
348603
322134
351927
318785
347414
316183
334454
342300
342872
336096
350957
350402
343486
332914
339421
341815
355517
329942
321920
359464
344638
328517
353395
322686
331539
326574
331320
329514
328597
359412
344522
327276
352015
336055
359468
340862
321319
355853
327143
350086
328236
354006
335464
332394
317915
327146
317181
354311
317644
356179
359742
359073
315465
316165
326872
317813
322563
358741
329501
331421
337892
356686
319500
342120
356604
354425
327263
341860
354433
358728
317969
317189
327761
318115
346158
324561
349596
327123
345660
359805
356833
328151
334869
344133
359150
337355
317331
326483
359595
327037
328059
322747
357738
328529
352056
328469
338730
356825
333117
344380
327340
357283
336410
345670
327200
349923
333765
359366
357330
339641
330984
322893
349882
338532
354495
324401
334683
352780
317527
316402
320787
337500
318564
333349
344924
350982
353097
347385
329200
340308
340893
354094
328702
350971
339830
321415
323510
355480
316271
358499
317672
339828
346101
326478
338937
355871
334027
323193
322708
346594
331152
355056
341330
346125
341683
332624
340084
357074
344358
350913
355477
324366
346415
355473
322220
322238
316503
329057
327527
328048
328653
333332
325308
315647
338562
335206
320455
358696
343068
316594
334608
338917
316484
334484
342944
324235
334898
321515
347505
336785
330483
337798
322142
336006
347739
352028
318831
352171
325989
323202
318555
327088
321750
348789
327701
359382
326879
344578
326834
359218
356695
333575
354996
336102
333356
336626
348015
335048
359786
358886
346328
315317
326568
358912
315800
346081
332520
354035
351949
330018
317528
350204
359980
319750
316912
350795
352402
356556
342545
325586
356648
331026
348764
323801
334970
351066
325915
338747
323337
336403
325085
349709
345426
348149
323528
322762
355833
324724
340482
327865
317279
350197
350049
329804
324194
357528
320042
349041
327894
337811
315521
