127979
99911
133386
103822
134810
108495
115555
103316
102929
118374
133684
116716
91570
130273
100855
98718
111247
120423
109495
97615
107515
120443
120602
91388
127633
111716
123138
100852
111964
99354
115946
114780
131447
117245
133592
119814
119041
101275
104006
101899
96807
130409
109536
105837
117159
93016
133195
94729
108754
118326
99661
100229
133562
106207
134959
132192
94193
114676
120086
96736
100520
97707
121167
126149
94518
100500
102570
123223
130307
115047
99351
124390
94538
93863
132936
103620
115082
98919
127850
130136
124857
132954
107247
108392
105423
123301
93401
96100
131230
94419
105226
132786
108335
102830
98124
96316
114189
116596
133366
103847
125154
94157
126830
113146
103817
121735
124354
102733
104858
92705
93029
126943
103267
92624
112664
97262
132252
92296
128469
123213
121863
99545
101605
94741
111960
121470
105158
95533
133906
108552
113394
130148
131696
127869
96184
118061
122098
117638
114012
91114
109016
96605
130243
106027
103602
98279
93189
107102
98908
111865
120878
107704
127968
93705
106109
112877
117917
91000
94243
112531
99084
93125
127839
109316
112715
92730
90672
120457
91655
115631
114953
130019
116447
97732
114743
94730
114106
120240
123330
102892
129481
127547
113029
97949
120227
122891
91219
96885
91710
119584
95836
116503
131589
110005
104894
128621
105806
94832
95342
127450
120900
120343
129718
95857
102335
96193
109099
121343
95865
104623
90429
102858
120528
111426
98420
129660
108628
101847
124696
126232
90811
104815
91704
129138
127513
100894
111668
125101
123549
129126
131287
114020
95426
120559
131539
121448
93455
92135
112753
96434
98239
118304
102758
119095
124640
133055
92360
113699
117711
106906
98341
121862
92055
96314
108463
130771
106253
124382
95377
92185
95080
118897
113784
106591
99165
101393
116395
123926
117380
106580
116656
106511
121144
114576
116057
92111
122503
102472
103254
120083
122292
126524
133450
104646
114412
126317
114250
107609
121452
126494
92544
123898
96110
103172
90314
107146
100406
108712
115203
109764
134678
99444
122572
105188
97474
96404
116643
124894
101028
96757
95501
110397
118201
109833
126800
115750
98538
105614
91603
126467
98140
117090
110913
128130
125535
107577
109182
130852
97625
123604
94128
127656
126559
131050
106168
93633
94707
108783
115539
119363
107779
98278
91444
96381
106540
126022
118517
106079
123596
134941
90399
122760
128104
103268
91631
94740
108152
134193
95373
108524
127871
121305
95661
123353
104827
105488
129587
93933
111856
129134
109246
123018
105020
102831
110019
106822
117628
93737
114492
133399
93378
110399
112103
103174
110744
91788
91107
109100
105124
105917
91232
104194
99731
101642
104856
98241
121157
124366
134089
93460
115840
131485
110251
134043
90004
124811
101470
131239
90564
113894
131017
130239
101933
108266
134023
134358
122740
103168
98225
90297
117111
117287
92494
131162
101224
112969
114803
94246
127798
105550
98508
129881
115636
95907
111306
97976
98357
104539
122918
117349
94504
94704
92514
107919
92328
101081
108331
133722
130598
125253
129726
109132
97339
101670
127888
102968
107354
119502
133534
131802
120674
117110
122194
121188
97656
117698
121265
105113
120338
96810
98952
109620
106156
113676
129741
102425
113773
107109
101886
96803
91487
90853
108789
117173
120799
117335
112095
133630
123247
103399
112790
130874
116285
117255
99464
96108
110382
94241
111583
92740
121274
133342
121180
106036
126417
98249
91703
134228
105497
95733
121747
131640
95071
134442
90216
94851
120195
121641
128949
117487
94337
128668
126230
94513
133442
117827
126374
115285
118442
110797
99061
134635
114141
122146
92907
122304
124408
122910
114109
106171
124602
133506
112059
132268
126434
119862
114360
93617
91644
134470
106341
95478
116540
128260
126000
134042
131228
101331
102868
122241
113432
131072
129700
110723
91784
104217
121246
118041
110780
105388
124796
108750
90231
108353
113204
94336
109951
128968
102776
125666
133068
106635
108685
106537
112974
116805
101919
124522
110807
125779
122558
125145
130803
121494
115843
125176
121691
128154
98057
129854
124902
111080
92875
128362
134490
92554
110258
123777
90646
103624
95382
103924
112819
98256
119408
133977
93861
130327
121016
96915
102680
110586
105200
92874
126158
103958
132526
92868
130977
122432
100135
90898
91121
115237
115376
120360
134026
120627
113972
104720
111898
107935
101841
93035
91812
123975
94071
118599
110743
94303
98943
118344
104825
116693
123412
98407
92549
90354
93640
100761
112655
117483
113689
123863
108553
113426
106880
118233
119913
99433
124423
113578
96926
103459
109408
91489
118530
104475
106404
119515
133271
112528
95286
126611
90842
123007
104181
99786
90501
108900
99068
114246
117377
123921
131826
118209
90890
119905
94867
103077
110285
95742
122757
133106
122763
116165
120196
97094
121477
120295
118425
112513
123220
134087
114733
121394
127255
112470
98578
111443
91278
110687
132279
116992
124630
127747
91377
117303
99619
112284
131113
99273
118858
100381
98122
110535
111884
95548
115928
102547
116278
112475
108785
99294
134004
113249
99595
117333
114019
125776
115973
117857
115798
99403
110844
116813
117996
111245
120311
112022
93673
97918
111564
128231
101420
99553
110227
130046
97817
114854
119678
107566
102083
134907
103920
95264
107664
108442
95921
127223
91900
112256
99037
130945
120238
127326
94215
99693
97379
96865
108647
127864
90173
123287
120995
92385
108924
121654
93461
120012
110697
115332
125606
117756
122051
92004
131374
127006
102063
99555
133750
115914
125557
91470
117837
112060
105286
92851
128695
121011
106403
101096
114540
90884
113388
119653
134125
111355
115334
112859
119413
127066
108876
113881
134376
103927
125875
111640
113757
93862
101264
103058
104966
100324
118723
98909
98897
92463
93030
100665
98870
123718
120184
110533
93308
119015
95904
99538
134647
93899
96935
115149
122159
101873
133690
112849
108741
118508
112517
101196
103098
108525
97932
110228
116882
95762
96056
123871
126433
113269
132743
130229
102065
114205
108846
100992
106441
103623
133140
114113
104711
131387
118606
128966
118198
130377
127239
106377
113028
100059
93939
95034
128167
127591
132875
123494
115695
90116
123497
95954
109452
122109
97861
98893
134695
90144
112081
109031
106601
107284
92191
110824
99281
121779
114221
123702
100157
129803
101987
119044
112782
91162
120566
106342
94207
95946
131057
113836
124590
125258
134597
128993
105662
118722
117288
108143
115011
121847
124129
91131
96493
91864
119982
104759
105335
99035
108397
129844
110084
117983
133387
127119
134184
127350
97905
109378
120579
111001
132129
126654
107031
116892
101477
132780
131854
116941
105999
121959
130724
116730
114313
121885
103047
124918
133825
119700
133376
104441
92593
134942
109120
129329
133580
126516
120546
107851
116847
128798
109664
105278
116912
119993
94550
128151
110708
100536
109006
124266
110745
118974
98090
126958
132415
106397
109660
123707
95598
130778
129590
103641
111220
128899
111394
108917
113445
100347
106837
93519
110969
114993
110945
111441
95102
97524
117847
108586
132805
104673
134968
127942
102350
103674
125439
97132
117635
92943
101930
94421
126084
125701
90343
124538
133134
129009
120078
109794
101734
131586
97090
91175
108202
117486
113107
133491
126525
112773
119608
128326
109302
103095
112826
133275
134770
99299
116507
111428
118280
116516
132961
101380
114759
131126
134123
116358
102103
120548
109444
129405
98344
126001
129011
106379
106337
129828
133248
133714
98665
117520
99738
110367
107277
106174
95010
99233
132497
104632
117148
95343
93184
119206
105610
131280
129807
121572
107757
100343
104644
132848
109188
128043
122111
127319
93418
109512
90476
110267
97431
108393
122575
110506
109719
120260
118318
92269
125848
130946
95757
130547
118923
110197
95936
104228
112711
92746
114181
131619
133625
115414
127806
121984
128079
97217
119582
108380
117717
112989
129598
127301
116085
102038
111190
106115
119470
127961
118560
115205
94884
109825
90150
119745
118929
133677
108806
126217
125244
111822
120326
93068
100299
116801
108341
106918
102793
129888
116937
112678
131285
127475
117870
132682
121793
110253
95576
133258
109723
121043
132125
106785
130290
128358
106985
95975
107680
115154
99055
117165
122999
122420
127570
109170
123384
117550
118170
126670
115542
112756
118905
106812
132232
110779
120379
100098
124481
134063
128162
101070
112822
131097
121070
102774
107811
131284
107447
108363
118749
124378
99024
112952
134433
114184
97811
101141
129000
113473
121878
125987
120956
99591
99769
113965
97680
131138
129730
121207
127542
116115
105013
97974
115399
120861
103363
134142
93053
116097
120923
103282
108834
94273
110712
92799
126233
127791
101730
116332
116923
132904
130310
94162
100746
130922
104077
113832
133052
116396
134714
127133
99679
122629
130208
104488
105593
107605
131499
95020
115264
101476
91034
129792
123271
118186
92952
130601
121796
94647
134618
97402
110117
91866
130562
101925
131558
115013
103658
110416
133265
111846
91282
130467
117221
131780
93707
116914
122170
126680
115075
124750
107048
128094
114130
117030
105041
131031
114448
122081
96237
125249
115115
94152
100253
130967
118771
119818
115812
108221
118809
93154
99810
95766
120294
116343
125907
107456
132657
93025
110624
133435
104313
122686
130374
98494
120446
92404
105061
110568
96689
91139
126288
98994
118487
112121
90330
94995
105356
132033
112014
134130
126960
98194
117136
130121
112390
110356
118663
106790
92817
111530
126097
100873
98473
126539
94305
98877
115079
108387
114381
92608
110602
103443
115830
107212
117070
121491
134371
117179
116721
122089
90758
132710
96650
132842
101100
110565
124979
115139
121536
105122
120040
111420
94070
130472
109625
96708
129908
100941
108415
95568
90341
123967
90273
112809
132270
131969
120604
112237
132171
94615
100727
134347
120389
90322
124727
114652
114650
117263
112817
134723
131353
122822
107766
122438
111669
120641
127601
100491
131309
123431
93434
114126
92132
112633
130694
120421
127284
120643
128783
102859
124993
107114
91331
99826
106739
111340
121319
93953
106951
119226
90725
128801
101617
92265
113602
113978
116932
130370
133814
126978
130253
100036
125043
127082
90103
102075
116592
106609
93929
122225
104749
90640
134989
105486
134054
111434
108842
106185
131386
116541
108995
93548
107204
130745
107324
134926
96211
90176
130201
114002
92791
121426
114636
106332
116043
132410
92059
116542
123473
102266
126728
103681
133546
121717
127722
120398
92182
113855
117373
99604
111465
103426
99798
114936
98178
131731
96217
108376
122493
100009
123364
98247
106851
132662
96365
107208
105421
99935
128785
102101
92863
112915
94264
122795
123668
120424
103745
93609
98442
92893
95466
99060
109998
105813
101902
117203
110260
95216
119080
90292
131008
107364
132088
117853
110868
110576
90351
117191
101616
108154
132485
131617
108679
102080
110937
120213
133549
130931
130526
101433
121967
134773
96231
106048
119744
109243
122645
101313
95356
98920
105980
90681
130143
125377
125465
114216
108920
116481
106123
109828
127136
121758
97104
109287
116166
114556
113370
133822
118976
100393
112053
109002
133691
114477
120120
134363
101131
125314
92582
94845
98648
94855
99392
122286
107353
114318
98871
124455
109634
98145
98474
109698
99957
130157
119614
109284
108701
106432
127397
111713
118617
126201
130395
100065
125553
90625
109671
133902
98615
92348
109590
95395
123606
121280
102918
132087
95175
122603
109599
120211
94253
120786
111012
115907
118972
134318
121152
103396
128822
113062
134653
119466
100713
105145
119620
106270
91498
110453
97956
128526
91566
94689
131713
134704
106610
108009
112199
107203
128313
105054
117591
90892
106467
120779
124334
109487
106627
132748
91682
90430
101638
134689
116198
115450
100926
99830
133569
117156
131641
111844
91616
109792
90252
130935
97330
128373
108585
116968
110071
109391
116668
103752
125789
106729
90233
96046
92081
95457
100458
122079
117980
106159
111954
99571
113734
111850
128435
112230
112566
93049
107298
90657
107293
94377
132095
115754
131327
123947
122956
124952
93843
111276
126406
119021
119852
94229
106281
101875
120854
106315
90926
114420
99565
90949
102418
109882
132386
125448
99103
126580
97901
129513
91053
98321
121164
125780
132103
128781
118928
92098
132785
93366
122512
129275
114269
97191
129835
130322
123334
95688
133471
106750
98931
94449
126534
97915
113882
130866
130352
131272
113143
132548
110846
114303
109304
106227
124026
100708
131525
122357
121436
93104
93563
124539
127584
130490
130873
125050
108576
117406
96322
116725
104976
107561
127818
96075
129728
90624
120114
114959
103424
91846
103451
93944
107135
104304
99722
129461
108145
100388
110768
113111
101504
110795
121478
117686
96067
115985
93288
110362
101979
116528
129669
119295
106064
105000
91673
134294
118540
105153
111549
131231
108048
90454
98322
118533
106730
101335
114698
93396
114862
127923
124303
122776
130894
103609
122458
126196
133748
109839
116083
111761
97460
90839
120011
116407
125237
116003
122024
115257
121789
118147
114584
124561
103949
122818
127287
111590
128723
105670
126987
99647
126542
120002
90261
90195
123531
91276
105854
107747
119400
129985
101011
111772
105694
133083
126260
118977
110204
112618
96923
94091
103325
108568
125818
117441
109519
119339
124459
125463
131888
132744
128931
106264
101905
99961
116545
109761
116501
109432
109534
120187
119879
117504
111472
134988
114452
108742
124193
120318
129216
111693
105207
97891
91675
113941
133535
91033
90593
111994
112454
116323
109433
102483
125641
126528
110302
96592
101812
129072
110713
121659
92729
115975
99353
104363
120236
125265
123644
111704
99987
132590
132855
91291
97212
97852
127597
99845
90873
97672
103938
108884
123807
96756
95003
129139
111528
104400
105168
118299
131229
101082
124626
119471
110152
134353
125210
113080
106256
116791
130955
123372
131399
111401
104121
115323
91928
93986
95116
108972
129293
98869
119366
105962
90729
107289
134748
115141
99413
100996
98957
111476
113349
99389
91661
103827
104998
98394
96552
134962
133526
129220
112374
97650
116157
112603
124771
102950
114864
106690
106870
96253
134894
111802
132969
133865
113627
105961
112667
100007
125385
98592
97844
128235
127303
120415
109034
90584
122445
102732
104881
129533
122573
132818
133638
110226
127999
120033
104164
132834
120107
111081
93923
122278
110155
126215
105381
109537
110406
119953
113607
116480
120302
106922
103367
98546
101768
114903
104401
120879
95893
118727
99792
125353
97609
96431
120032
128708
131864
115445
130728
122218
93425
109872
118864
99621
102800
133256
134441
126063
109746
118154
123281
128849
115004
99058
117977
104886
104993
92464
121795
115955
109804
91430
119046
119172
126352
119555
106072
90621
113935
110211
119980
108138
102629
105639
95959
95245
104828
109530
90748
90217
119938
106699
129927
102461
119029
109357
129845
133458
112980
94283
115950
96847
132404
123555
100735
105924
121330
102435
118360
117656
121446
112674
115749
104969
117653
112728
119789
103904
125309
131473
120929
122374
109174
104009
117845
132915
126470
116126
101281
110589
121935
117934
119452
99391
91668
92710
131768
114897
123229
129698
115191
131504
113066
91850
102899
108502
117699
100428
132577
110845
102187
102539
102277
108709
113686
113910
115262
129586
93263
110820
101827
126946
96420
110987
120717
100126
100499
125361
99132
121713
106049
131165
109603
127787
109366
111445
115273
106694
117607
90702
95881
120950
117879
123167
123416
127779
106028
127838
107599
97468
92585
123603
97134
126927
93785
122414
91183
109454
117300
117872
111096
125957
125402
118486
107914
114421
116815
130517
104942
96920
134464
119638
103517
128395
97686
106539
101574
106320
104514
103597
134412
119522
102276
127015
111055
134468
115862
96319
130853
102143
125086
103236
129006
110464
107394
92915
102146
92181
129311
92644
131179
134742
134073
90465
91165
101872
92813
97563
133741
104501
106421
112892
131686
94500
117120
131604
129425
102263
116860
129433
133728
92969
92189
102761
93115
121158
99561
124596
102123
120660
134805
131833
103151
109869
119133
134150
112355
92331
101483
134595
102037
103059
97747
132738
103529
127056
103469
113730
131825
108117
119380
102340
132283
111410
120670
102200
124923
108765
134366
132330
114641
105984
97893
124882
113532
129495
99401
109683
127780
92527
91402
95787
112500
93564
108349
119924
125982
128097
122385
104200
115308
115893
129094
103702
125971
114830
96415
98510
130480
91271
133499
92672
114828
121101
101478
113937
130871
109027
98193
97708
121594
106152
130056
116330
121125
116683
107624
115084
132074
119358
125913
130477
99366
121415
130473
97220
97238
91503
104057
102527
103048
103653
108332
100308
90647
113562
110206
95455
133696
118068
91594
109608
113917
91484
109484
117944
99235
109898
96515
122505
111785
105483
112798
97142
111006
122739
127028
93831
127171
100989
98202
93555
102088
96750
123789
102701
134382
101879
119578
101834
134218
131695
108575
129996
111102
108356
111626
123015
110048
134786
133886
121328
90317
101568
133912
90800
121081
107520
129035
126949
105018
92528
125204
134980
94750
91912
125795
127402
131556
117545
100586
131648
106026
123764
98801
109970
126066
100915
113747
98337
111403
100085
124709
120426
123149
98528
97762
130833
99724
115482
102865
92279
125197
125049
104804
99194
132528
95042
124041
102894
112811
90521
128129
126651
92885
127554
102313
130024
90734
94813
99687
106914
111308
111805
92174
93426
104553
132509
117887
106134
113950
98668
124046
90708
127852
122473
94859
116080
103905
116780
94168
111406
112862
118881
115194
106323
126019
99282
103972
118935
129585
94630
123258
123962
130877
90283
105656
103148
94009
129989
129305
131208
128567
129458
124252
113534
103160
106804
94503
121538
129180
114876
105929
92362
94448
93734
124527
98739
133914
125742
92298
97193
100656
116100
109682
130347
125012
100734
131322
106325
101426
124031
121868
134756
100504
90070
118203
122825
113133
93510
122846
90581
115429
132686
121306
97029
97155
131912
124627
125589
99141
107681
129209
122905
91490
108751
96245
98692
104680
93211
125707
130492
114607
131600
111840
109832
106366
106726
96904
121542
106329
115065
90214
131659
106367
101578
108871
122118
123928
107403
108786
133112
111287
119012
109466
120034
118628
110068
101799
113157
106621
134743
108295
127331
115292
129128
96985
111666
96623
95323
101052
129008
110078
112508
116637
118880
106749
97738
109412
117059
125406
118719
91829
99976
102506
105331
107582
104001
101711
97374
90776
101195
96433
131276
114889
95672
124073
120875
113632
95260
120148
109557
113222
122625
115231
107516
102883
113927
90049
94413
120427
106660
117320
114848
94119
100277
121013
106680
104875
94384
126242
117142
103683
107224
125452
104459
116786
123925
108817
90745
132263
105590
112132
134619
92007
124500
91707
107707
120567
134303
95579
91012
123063
128574
112710
106372
103035
133894
93375
119919
127921
109568
128515
121286
126102
90879
94086
109395
107287
92457
112639
106356
133361
101807
94348
91536
108788
101963
114758
92571
124577
92286
107417
109295
96939
120587
101636
127313
128122
95940
107416
104277
105074
