262979
234911
268386
238822
269810
243495
250555
238316
237929
253374
268684
251716
226570
265273
235855
233718
246247
255423
244495
232615
242515
255443
255602
226388
262633
246716
258138
235852
246964
234354
250946
249780
266447
252245
268592
254814
254041
236275
239006
236899
231807
265409
244536
240837
252159
228016
268195
229729
243754
253326
234661
235229
268562
241207
269959
267192
229193
249676
255086
231736
235520
232707
256167
261149
229518
235500
237570
258223
265307
250047
234351
259390
229538
228863
267936
238620
250082
233919
262850
265136
259857
267954
242247
243392
240423
258301
228401
231100
266230
229419
240226
267786
243335
237830
233124
231316
249189
251596
268366
238847
260154
229157
261830
248146
238817
256735
259354
237733
239858
227705
228029
261943
238267
227624
247664
232262
267252
227296
263469
258213
256863
234545
236605
229741
246960
256470
240158
230533
268906
243552
248394
265148
266696
262869
231184
253061
257098
252638
249012
226114
244016
231605
265243
241027
238602
233279
228189
242102
233908
246865
255878
242704
262968
228705
241109
247877
252917
226000
229243
247531
234084
228125
262839
244316
247715
227730
225672
255457
226655
250631
249953
265019
251447
232732
249743
229730
249106
255240
258330
237892
264481
262547
248029
232949
255227
257891
226219
231885
226710
254584
230836
251503
266589
245005
239894
263621
240806
229832
230342
262450
255900
255343
264718
230857
237335
231193
244099
256343
230865
239623
225429
237858
255528
246426
233420
264660
243628
236847
259696
261232
225811
239815
226704
264138
262513
235894
246668
260101
258549
264126
266287
249020
230426
255559
266539
256448
228455
227135
247753
231434
233239
253304
237758
254095
259640
268055
227360
248699
252711
241906
233341
256862
227055
231314
243463
265771
241253
259382
230377
227185
230080
253897
248784
241591
234165
236393
251395
258926
252380
241580
251656
241511
256144
249576
251057
227111
257503
237472
238254
255083
257292
261524
268450
239646
249412
261317
249250
242609
256452
261494
227544
258898
231110
238172
225314
242146
235406
243712
250203
244764
269678
234444
257572
240188
232474
231404
251643
259894
236028
231757
230501
245397
253201
244833
261800
250750
233538
240614
226603
261467
233140
252090
245913
263130
260535
242577
244182
265852
232625
258604
229128
262656
261559
266050
241168
228633
229707
243783
250539
254363
242779
233278
226444
231381
241540
261022
253517
241079
258596
269941
225399
257760
263104
238268
226631
229740
243152
269193
230373
243524
262871
256305
230661
258353
239827
240488
264587
228933
246856
264134
244246
258018
240020
237831
245019
241822
252628
228737
249492
268399
228378
245399
247103
238174
245744
226788
226107
244100
240124
240917
226232
239194
234731
236642
239856
233241
256157
259366
269089
228460
250840
266485
245251
269043
225004
259811
236470
266239
225564
248894
266017
265239
236933
243266
269023
269358
257740
238168
233225
225297
252111
252287
227494
266162
236224
247969
249803
229246
262798
240550
233508
264881
250636
230907
246306
232976
233357
239539
257918
252349
229504
229704
227514
242919
227328
236081
243331
268722
265598
260253
264726
244132
232339
236670
262888
237968
242354
254502
268534
266802
255674
252110
257194
256188
232656
252698
256265
240113
255338
231810
233952
244620
241156
248676
264741
237425
248773
242109
236886
231803
226487
225853
243789
252173
255799
252335
247095
268630
258247
238399
247790
265874
251285
252255
234464
231108
245382
229241
246583
227740
256274
268342
256180
241036
261417
233249
226703
269228
240497
230733
256747
266640
230071
269442
225216
229851
255195
256641
263949
252487
229337
263668
261230
229513
268442
252827
261374
250285
253442
245797
234061
269635
249141
257146
227907
257304
259408
257910
249109
241171
259602
268506
247059
267268
261434
254862
249360
228617
226644
269470
241341
230478
251540
263260
261000
269042
266228
236331
237868
257241
248432
266072
264700
245723
226784
239217
256246
253041
245780
240388
259796
243750
225231
243353
248204
229336
244951
263968
237776
260666
268068
241635
243685
241537
247974
251805
236919
259522
245807
260779
257558
260145
265803
256494
250843
260176
256691
263154
233057
264854
259902
246080
227875
263362
269490
227554
245258
258777
225646
238624
230382
238924
247819
233256
254408
268977
228861
265327
256016
231915
237680
245586
240200
227874
261158
238958
267526
227868
265977
257432
235135
225898
226121
250237
250376
255360
269026
255627
248972
239720
246898
242935
236841
228035
226812
258975
229071
253599
245743
229303
233943
253344
239825
251693
258412
233407
227549
225354
228640
235761
247655
252483
248689
258863
243553
248426
241880
253233
254913
234433
259423
248578
231926
238459
244408
226489
253530
239475
241404
254515
268271
247528
230286
261611
225842
258007
239181
234786
225501
243900
234068
249246
252377
258921
266826
253209
225890
254905
229867
238077
245285
230742
257757
268106
257763
251165
255196
232094
256477
255295
253425
247513
258220
269087
249733
256394
262255
247470
233578
246443
226278
245687
267279
251992
259630
262747
226377
252303
234619
247284
266113
234273
253858
235381
233122
245535
246884
230548
250928
237547
251278
247475
243785
234294
269004
248249
234595
252333
249019
260776
250973
252857
250798
234403
245844
251813
252996
246245
255311
247022
228673
232918
246564
263231
236420
234553
245227
265046
232817
249854
254678
242566
237083
269907
238920
230264
242664
243442
230921
262223
226900
247256
234037
265945
255238
262326
229215
234693
232379
231865
243647
262864
225173
258287
255995
227385
243924
256654
228461
255012
245697
250332
260606
252756
257051
227004
266374
262006
237063
234555
268750
250914
260557
226470
252837
247060
240286
227851
263695
256011
241403
236096
249540
225884
248388
254653
269125
246355
250334
247859
254413
262066
243876
248881
269376
238927
260875
246640
248757
228862
236264
238058
239966
235324
253723
233909
233897
227463
228030
235665
233870
258718
255184
245533
228308
254015
230904
234538
269647
228899
231935
250149
257159
236873
268690
247849
243741
253508
247517
236196
238098
243525
232932
245228
251882
230762
231056
258871
261433
248269
267743
265229
237065
249205
243846
235992
241441
238623
268140
249113
239711
266387
253606
263966
253198
265377
262239
241377
248028
235059
228939
230034
263167
262591
267875
258494
250695
225116
258497
230954
244452
257109
232861
233893
269695
225144
247081
244031
241601
242284
227191
245824
234281
256779
249221
258702
235157
264803
236987
254044
247782
226162
255566
241342
229207
230946
266057
248836
259590
260258
269597
263993
240662
253722
252288
243143
250011
256847
259129
226131
231493
226864
254982
239759
240335
234035
243397
264844
245084
252983
268387
262119
269184
262350
232905
244378
255579
246001
267129
261654
242031
251892
236477
267780
266854
251941
240999
256959
265724
251730
249313
256885
238047
259918
268825
254700
268376
239441
227593
269942
244120
264329
268580
261516
255546
242851
251847
263798
244664
240278
251912
254993
229550
263151
245708
235536
244006
259266
245745
253974
233090
261958
267415
241397
244660
258707
230598
265778
264590
238641
246220
263899
246394
243917
248445
235347
241837
228519
245969
249993
245945
246441
230102
232524
252847
243586
267805
239673
269968
262942
237350
238674
260439
232132
252635
227943
236930
229421
261084
260701
225343
259538
268134
264009
255078
244794
236734
266586
232090
226175
243202
252486
248107
268491
261525
247773
254608
263326
244302
238095
247826
268275
269770
234299
251507
246428
253280
251516
267961
236380
249759
266126
269123
251358
237103
255548
244444
264405
233344
261001
264011
241379
241337
264828
268248
268714
233665
252520
234738
245367
242277
241174
230010
234233
267497
239632
252148
230343
228184
254206
240610
266280
264807
256572
242757
235343
239644
267848
244188
263043
257111
262319
228418
244512
225476
245267
232431
243393
257575
245506
244719
255260
253318
227269
260848
265946
230757
265547
253923
245197
230936
239228
247711
227746
249181
266619
268625
250414
262806
256984
263079
232217
254582
243380
252717
247989
264598
262301
251085
237038
246190
241115
254470
262961
253560
250205
229884
244825
225150
254745
253929
268677
243806
261217
260244
246822
255326
228068
235299
251801
243341
241918
237793
264888
251937
247678
266285
262475
252870
267682
256793
245253
230576
268258
244723
256043
267125
241785
265290
263358
241985
230975
242680
250154
234055
252165
257999
257420
262570
244170
258384
252550
253170
261670
250542
247756
253905
241812
267232
245779
255379
235098
259481
269063
263162
236070
247822
266097
256070
237774
242811
266284
242447
243363
253749
259378
234024
247952
269433
249184
232811
236141
264000
248473
256878
260987
255956
234591
234769
248965
232680
266138
264730
256207
262542
251115
240013
232974
250399
255861
238363
269142
228053
251097
255923
238282
243834
229273
245712
227799
261233
262791
236730
251332
251923
267904
265310
229162
235746
265922
239077
248832
268052
251396
269714
262133
234679
257629
265208
239488
240593
242605
266499
230020
250264
236476
226034
264792
258271
253186
227952
265601
256796
229647
269618
232402
245117
226866
265562
236925
266558
250013
238658
245416
268265
246846
226282
265467
252221
266780
228707
251914
257170
261680
250075
259750
242048
263094
249130
252030
240041
266031
249448
257081
231237
260249
250115
229152
235253
265967
253771
254818
250812
243221
253809
228154
234810
230766
255294
251343
260907
242456
267657
228025
245624
268435
239313
257686
265374
233494
255446
227404
240061
245568
231689
226139
261288
233994
253487
247121
225330
229995
240356
267033
247014
269130
261960
233194
252136
265121
247390
245356
253663
241790
227817
246530
261097
235873
233473
261539
229305
233877
250079
243387
249381
227608
245602
238443
250830
242212
252070
256491
269371
252179
251721
257089
225758
267710
231650
267842
236100
245565
259979
250139
256536
240122
255040
246420
229070
265472
244625
231708
264908
235941
243415
230568
225341
258967
225273
247809
267270
266969
255604
247237
267171
229615
235727
269347
255389
225322
259727
249652
249650
252263
247817
269723
266353
257822
242766
257438
246669
255641
262601
235491
266309
258431
228434
249126
227132
247633
265694
255421
262284
255643
263783
237859
259993
242114
226331
234826
241739
246340
256319
228953
241951
254226
225725
263801
236617
227265
248602
248978
251932
265370
268814
261978
265253
235036
260043
262082
225103
237075
251592
241609
228929
257225
239749
225640
269989
240486
269054
246434
243842
241185
266386
251541
243995
228548
242204
265745
242324
269926
231211
225176
265201
249002
227791
256426
249636
241332
251043
267410
227059
251542
258473
237266
261728
238681
268546
256717
262722
255398
227182
248855
252373
234604
246465
238426
234798
249936
233178
266731
231217
243376
257493
235009
258364
233247
241851
267662
231365
242208
240421
234935
263785
237101
227863
247915
229264
257795
258668
255424
238745
228609
233442
227893
230466
234060
244998
240813
236902
252203
245260
230216
254080
225292
266008
242364
267088
252853
245868
245576
225351
252191
236616
243154
267485
266617
243679
237080
245937
255213
268549
265931
265526
236433
256967
269773
231231
241048
254744
244243
257645
236313
230356
233920
240980
225681
265143
260377
260465
249216
243920
251481
241123
244828
262136
256758
232104
244287
251166
249556
248370
268822
253976
235393
247053
244002
268691
249477
255120
269363
236131
260314
227582
229845
233648
229855
234392
257286
242353
249318
233871
259455
244634
233145
233474
244698
234957
265157
254614
244284
243701
241432
262397
246713
253617
261201
265395
235065
260553
225625
244671
268902
233615
227348
244590
230395
258606
256280
237918
267087
230175
257603
244599
255211
229253
255786
246012
250907
253972
269318
256152
238396
263822
248062
269653
254466
235713
240145
254620
241270
226498
245453
232956
263526
226566
229689
266713
269704
241610
243009
247199
242203
263313
240054
252591
225892
241467
255779
259334
244487
241627
267748
226682
225430
236638
269689
251198
250450
235926
234830
268569
252156
266641
246844
226616
244792
225252
265935
232330
263373
243585
251968
245071
244391
251668
238752
260789
241729
225233
231046
227081
230457
235458
257079
252980
241159
246954
234571
248734
246850
263435
247230
247566
228049
242298
225657
242293
229377
267095
250754
266327
258947
257956
259952
228843
246276
261406
254021
254852
229229
241281
236875
255854
241315
225926
249420
234565
225949
237418
244882
267386
260448
234103
261580
232901
264513
226053
233321
256164
260780
267103
263781
253928
227098
267785
228366
257512
264275
249269
232191
264835
265322
258334
230688
268471
241750
233931
229449
261534
232915
248882
265866
265352
266272
248143
267548
245846
249303
244304
241227
259026
235708
266525
257357
256436
228104
228563
259539
262584
265490
265873
260050
243576
252406
231322
251725
239976
242561
262818
231075
264728
225624
255114
249959
238424
226846
238451
228944
242135
239304
234722
264461
243145
235388
245768
248111
236504
245795
256478
252686
231067
250985
228288
245362
236979
251528
264669
254295
241064
240000
226673
269294
253540
240153
246549
266231
243048
225454
233322
253533
241730
236335
249698
228396
249862
262923
259303
257776
265894
238609
257458
261196
268748
244839
251083
246761
232460
225839
255011
251407
260237
251003
257024
250257
256789
253147
249584
259561
238949
257818
262287
246590
263723
240670
261987
234647
261542
255002
225261
225195
258531
226276
240854
242747
254400
264985
236011
246772
240694
268083
261260
253977
245204
247618
231923
229091
238325
243568
260818
252441
244519
254339
259459
260463
266888
267744
263931
241264
236905
234961
251545
244761
251501
244432
244534
255187
254879
252504
246472
269988
249452
243742
259193
255318
264216
246693
240207
232891
226675
248941
268535
226033
225593
246994
247454
251323
244433
237483
260641
261528
245302
231592
236812
264072
245713
256659
227729
250975
234353
239363
255236
260265
258644
246704
234987
267590
267855
226291
232212
232852
262597
234845
225873
232672
238938
243884
258807
231756
230003
264139
246528
239400
240168
253299
266229
236082
259626
254471
245152
269353
260210
248080
241256
251791
265955
258372
266399
246401
239121
250323
226928
228986
230116
243972
264293
233869
254366
240962
225729
242289
269748
250141
234413
235996
233957
246476
248349
234389
226661
238827
239998
233394
231552
269962
268526
264220
247374
232650
251157
247603
259771
237950
249864
241690
241870
231253
269894
246802
267969
268865
248627
240961
247667
235007
260385
233592
232844
263235
262303
255415
244034
225584
257445
237732
239881
264533
257573
267818
268638
245226
262999
255033
239164
267834
255107
246081
228923
257278
245155
261215
240381
244537
245406
254953
248607
251480
255302
241922
238367
233546
236768
249903
239401
255879
230893
253727
234792
260353
232609
231431
255032
263708
266864
250445
265728
257218
228425
244872
253864
234621
237800
268256
269441
261063
244746
253154
258281
263849
250004
234058
252977
239886
239993
227464
256795
250955
244804
226430
254046
254172
261352
254555
241072
225621
248935
245211
254980
243138
237629
240639
230959
230245
239828
244530
225748
225217
254938
241699
264927
237461
254029
244357
264845
268458
247980
229283
250950
231847
267404
258555
235735
240924
256330
237435
253360
252656
256446
247674
250749
239969
252653
247728
254789
238904
260309
266473
255929
257374
244174
239009
252845
267915
261470
251126
236281
245589
256935
252934
254452
234391
226668
227710
266768
249897
258229
264698
250191
266504
248066
226850
237899
243502
252699
235428
267577
245845
237187
237539
237277
243709
248686
248910
250262
264586
228263
245820
236827
261946
231420
245987
255717
235126
235499
260361
234132
256713
241049
266165
244603
262787
244366
246445
250273
241694
252607
225702
230881
255950
252879
258167
258416
262779
241028
262838
242599
232468
227585
258603
232134
261927
228785
257414
226183
244454
252300
252872
246096
260957
260402
253486
242914
249421
251815
265517
239942
231920
269464
254638
238517
263395
232686
241539
236574
241320
239514
238597
269412
254522
237276
262015
246055
269468
250862
231319
265853
237143
260086
238236
264006
245464
242394
227915
237146
227181
264311
227644
266179
269742
269073
225465
226165
236872
227813
232563
268741
239501
241421
247892
266686
229500
252120
266604
264425
237263
251860
264433
268728
227969
227189
237761
228115
256158
234561
259596
237123
255660
269805
266833
238151
244869
254133
269150
247355
227331
236483
269595
237037
238059
232747
267738
238529
262056
238469
248730
266825
243117
254380
237340
267283
246410
255670
237200
259923
243765
269366
267330
249641
240984
232893
259882
248532
264495
234401
244683
262780
227527
226402
230787
247500
228564
243349
254924
260982
263097
257385
239200
250308
250893
264094
238702
260971
249830
231415
233510
265480
226271
268499
227672
249828
256101
236478
248937
265871
244027
233193
232708
256594
241152
265056
251330
256125
251683
242624
250084
267074
254358
260913
265477
234366
256415
265473
232220
232238
226503
239057
237527
238048
238653
243332
235308
225647
248562
245206
230455
268696
253068
226594
244608
248917
226484
244484
252944
234235
244898
231515
257505
246785
240483
247798
232142
246006
257739
262028
228831
262171
235989
233202
228555
237088
231750
258789
237701
269382
236879
254578
236834
269218
266695
243575
264996
246102
243356
246626
258015
245048
269786
268886
256328
225317
236568
268912
225800
256081
242520
264035
261949
240018
227528
260204
269980
229750
226912
260795
262402
266556
252545
235586
266648
241026
258764
233801
244970
261066
235915
248747
233337
246403
235085
259709
255426
258149
233528
232762
265833
234724
250482
237865
227279
260197
260049
239804
234194
267528
230042
259041
237894
247811
225521
263129
261651
227885
262554
237313
265024
225734
229813
234687
241914
246308
246805
227174
228426
239553
267509
252887
241134
248950
233668
259046
225708
262852
257473
229859
251080
238905
251780
229168
246406
247862
253881
250194
241323
261019
234282
238972
253935
264585
229630
258258
258962
265877
225283
240656
238148
229009
264989
264305
266208
263567
264458
259252
248534
238160
241804
229503
256538
264180
249876
240929
227362
229448
228734
259527
233739
268914
260742
227298
232193
235656
251100
244682
265347
260012
235734
266322
241325
236426
259031
256868
269756
235504
225070
253203
257825
248133
228510
257846
225581
250429
267686
256306
232029
232155
266912
259627
260589
234141
242681
264209
257905
226490
243751
231245
233692
239680
228211
260707
265492
249607
266600
246840
244832
241366
241726
231904
256542
241329
250065
225214
266659
241367
236578
243871
257118
258928
242403
243786
268112
246287
254012
244466
255034
253628
245068
236799
248157
241621
269743
243295
262331
250292
264128
231985
246666
231623
230323
236052
264008
245078
247508
251637
253880
241749
232738
244412
252059
260406
253719
226829
234976
237506
240331
242582
239001
236711
232374
225776
236195
231433
266276
249889
230672
259073
255875
248632
230260
255148
244557
248222
257625
250231
242516
237883
248927
225049
229413
255427
241660
252320
249848
229119
235277
256013
241680
239875
229384
261242
252142
238683
242224
260452
239459
251786
258925
243817
225745
267263
240590
247132
269619
227007
259500
226707
242707
255567
269303
230579
226012
258063
263574
247710
241372
238035
268894
228375
254919
262921
244568
263515
256286
261102
225879
229086
244395
242287
227457
247639
241356
268361
236807
229348
226536
243788
236963
249758
227571
259577
227286
242417
244295
231939
255587
236636
262313
263122
230940
242416
239277
240074
241883
228488
240652
231890
269049
260225
261090
251449
242982
269221
237160
243670
226590
262908
253736
256509
248796
258683
236594
242192
257662
250564
230158
265107
225007
233934
262024
240821
252554
228798
252622
257832
269088
248630
266202
262482
229883
253762
252715
265066
245958
249639
233790
225419
230879
239076
268354
266675
228758
258104
259661
238069
238664
247471
225655
262877
258890
262315
235593
231020
237000
267445
261300
251778
263252
262517
263217
256425
267980
268402
269539
229519
257495
260573
244718
226819
241296
264603
261363
234532
243378
268165
229155
230707
266221
238272
244949
230697
227982
225128
269960
261276
258136
251709
243590
257132
250390
254884
228593
228000
239625
240541
239611
225110
261520
253707
242971
240109
226557
231132
257057
242202
225109
228789
260132
254485
269607
225843
258178
269819
244770
252619
260469
232264
259933
250076
229564
246215
245480
265135
231224
247602
247904
228693
227495
247456
267921
235268
232743
251752
242385
246958
253275
226826
264153
265575
258129
264573
239192
248169
238648
252858
238695
265168
231988
226671
245292
227761
264554
227531
241721
241831
259847
239467
245370
237407
225219
234672
236032
235575
236402
240671
227289
259684
265031
237230
229199
251859
256228
227342
236660
265482
226786
250078
243716
250325
226422
239764
253745
233339
246882
244786
246203
243671
256532
237702
226681
260329
244767
232538
247312
226930
234207
265292
257282
250080
230266
228702
250927
230991
225816
232525
247314
231703
266357
