37979
9911
43386
13822
44810
18495
25555
13316
12929
28374
43684
26716
1570
40273
10855
8718
21247
30423
19495
7615
17515
30443
30602
1388
37633
21716
33138
10852
21964
9354
25946
24780
41447
27245
43592
29814
29041
11275
14006
11899
6807
40409
19536
15837
27159
3016
43195
4729
18754
28326
9661
10229
43562
16207
44959
42192
4193
24676
30086
6736
10520
7707
31167
36149
4518
10500
12570
33223
40307
25047
9351
34390
4538
3863
42936
13620
25082
8919
37850
40136
34857
42954
17247
18392
15423
33301
3401
6100
41230
4419
15226
42786
18335
12830
8124
6316
24189
26596
43366
13847
35154
4157
36830
23146
13817
31735
34354
12733
14858
2705
3029
36943
13267
2624
22664
7262
42252
2296
38469
33213
31863
9545
11605
4741
21960
31470
15158
5533
43906
18552
23394
40148
41696
37869
6184
28061
32098
27638
24012
1114
19016
6605
40243
16027
13602
8279
3189
17102
8908
21865
30878
17704
37968
3705
16109
22877
27917
1000
4243
22531
9084
3125
37839
19316
22715
2730
672
30457
1655
25631
24953
40019
26447
7732
24743
4730
24106
30240
33330
12892
39481
37547
23029
7949
30227
32891
1219
6885
1710
29584
5836
26503
41589
20005
14894
38621
15806
4832
5342
37450
30900
30343
39718
5857
12335
6193
19099
31343
5865
14623
429
12858
30528
21426
8420
39660
18628
11847
34696
36232
811
14815
1704
39138
37513
10894
21668
35101
33549
39126
41287
24020
5426
30559
41539
31448
3455
2135
22753
6434
8239
28304
12758
29095
34640
43055
2360
23699
27711
16906
8341
31862
2055
6314
18463
40771
16253
34382
5377
2185
5080
28897
23784
16591
9165
11393
26395
33926
27380
16580
26656
16511
31144
24576
26057
2111
32503
12472
13254
30083
32292
36524
43450
14646
24412
36317
24250
17609
31452
36494
2544
33898
6110
13172
314
17146
10406
18712
25203
19764
44678
9444
32572
15188
7474
6404
26643
34894
11028
6757
5501
20397
28201
19833
36800
25750
8538
15614
1603
36467
8140
27090
20913
38130
35535
17577
19182
40852
7625
33604
4128
37656
36559
41050
16168
3633
4707
18783
25539
29363
17779
8278
1444
6381
16540
36022
28517
16079
33596
44941
399
32760
38104
13268
1631
4740
18152
44193
5373
18524
37871
31305
5661
33353
14827
15488
39587
3933
21856
39134
19246
33018
15020
12831
20019
16822
27628
3737
24492
43399
3378
20399
22103
13174
20744
1788
1107
19100
15124
15917
1232
14194
9731
11642
14856
8241
31157
34366
44089
3460
25840
41485
20251
44043
4
34811
11470
41239
564
23894
41017
40239
11933
18266
44023
44358
32740
13168
8225
297
27111
27287
2494
41162
11224
22969
24803
4246
37798
15550
8508
39881
25636
5907
21306
7976
8357
14539
32918
27349
4504
4704
2514
17919
2328
11081
18331
43722
40598
35253
39726
19132
7339
11670
37888
12968
17354
29502
43534
41802
30674
27110
32194
31188
7656
27698
31265
15113
30338
6810
8952
19620
16156
23676
39741
12425
23773
17109
11886
6803
1487
853
18789
27173
30799
27335
22095
43630
33247
13399
22790
40874
26285
27255
9464
6108
20382
4241
21583
2740
31274
43342
31180
16036
36417
8249
1703
44228
15497
5733
31747
41640
5071
44442
216
4851
30195
31641
38949
27487
4337
38668
36230
4513
43442
27827
36374
25285
28442
20797
9061
44635
24141
32146
2907
32304
34408
32910
24109
16171
34602
43506
22059
42268
36434
29862
24360
3617
1644
44470
16341
5478
26540
38260
36000
44042
41228
11331
12868
32241
23432
41072
39700
20723
1784
14217
31246
28041
20780
15388
34796
18750
231
18353
23204
4336
19951
38968
12776
35666
43068
16635
18685
16537
22974
26805
11919
34522
20807
35779
32558
35145
40803
31494
25843
35176
31691
38154
8057
39854
34902
21080
2875
38362
44490
2554
20258
33777
646
13624
5382
13924
22819
8256
29408
43977
3861
40327
31016
6915
12680
20586
15200
2874
36158
13958
42526
2868
40977
32432
10135
898
1121
25237
25376
30360
44026
30627
23972
14720
21898
17935
11841
3035
1812
33975
4071
28599
20743
4303
8943
28344
14825
26693
33412
8407
2549
354
3640
10761
22655
27483
23689
33863
18553
23426
16880
28233
29913
9433
34423
23578
6926
13459
19408
1489
28530
14475
16404
29515
43271
22528
5286
36611
842
33007
14181
9786
501
18900
9068
24246
27377
33921
41826
28209
890
29905
4867
13077
20285
5742
32757
43106
32763
26165
30196
7094
31477
30295
28425
22513
33220
44087
24733
31394
37255
22470
8578
21443
1278
20687
42279
26992
34630
37747
1377
27303
9619
22284
41113
9273
28858
10381
8122
20535
21884
5548
25928
12547
26278
22475
18785
9294
44004
23249
9595
27333
24019
35776
25973
27857
25798
9403
20844
26813
27996
21245
30311
22022
3673
7918
21564
38231
11420
9553
20227
40046
7817
24854
29678
17566
12083
44907
13920
5264
17664
18442
5921
37223
1900
22256
9037
40945
30238
37326
4215
9693
7379
6865
18647
37864
173
33287
30995
2385
18924
31654
3461
30012
20697
25332
35606
27756
32051
2004
41374
37006
12063
9555
43750
25914
35557
1470
27837
22060
15286
2851
38695
31011
16403
11096
24540
884
23388
29653
44125
21355
25334
22859
29413
37066
18876
23881
44376
13927
35875
21640
23757
3862
11264
13058
14966
10324
28723
8909
8897
2463
3030
10665
8870
33718
30184
20533
3308
29015
5904
9538
44647
3899
6935
25149
32159
11873
43690
22849
18741
28508
22517
11196
13098
18525
7932
20228
26882
5762
6056
33871
36433
23269
42743
40229
12065
24205
18846
10992
16441
13623
43140
24113
14711
41387
28606
38966
28198
40377
37239
16377
23028
10059
3939
5034
38167
37591
42875
33494
25695
116
33497
5954
19452
32109
7861
8893
44695
144
22081
19031
16601
17284
2191
20824
9281
31779
24221
33702
10157
39803
11987
29044
22782
1162
30566
16342
4207
5946
41057
23836
34590
35258
44597
38993
15662
28722
27288
18143
25011
31847
34129
1131
6493
1864
29982
14759
15335
9035
18397
39844
20084
27983
43387
37119
44184
37350
7905
19378
30579
21001
42129
36654
17031
26892
11477
42780
41854
26941
15999
31959
40724
26730
24313
31885
13047
34918
43825
29700
43376
14441
2593
44942
19120
39329
43580
36516
30546
17851
26847
38798
19664
15278
26912
29993
4550
38151
20708
10536
19006
34266
20745
28974
8090
36958
42415
16397
19660
33707
5598
40778
39590
13641
21220
38899
21394
18917
23445
10347
16837
3519
20969
24993
20945
21441
5102
7524
27847
18586
42805
14673
44968
37942
12350
13674
35439
7132
27635
2943
11930
4421
36084
35701
343
34538
43134
39009
30078
19794
11734
41586
7090
1175
18202
27486
23107
43491
36525
22773
29608
38326
19302
13095
22826
43275
44770
9299
26507
21428
28280
26516
42961
11380
24759
41126
44123
26358
12103
30548
19444
39405
8344
36001
39011
16379
16337
39828
43248
43714
8665
27520
9738
20367
17277
16174
5010
9233
42497
14632
27148
5343
3184
29206
15610
41280
39807
31572
17757
10343
14644
42848
19188
38043
32111
37319
3418
19512
476
20267
7431
18393
32575
20506
19719
30260
28318
2269
35848
40946
5757
40547
28923
20197
5936
14228
22711
2746
24181
41619
43625
25414
37806
31984
38079
7217
29582
18380
27717
22989
39598
37301
26085
12038
21190
16115
29470
37961
28560
25205
4884
19825
150
29745
28929
43677
18806
36217
35244
21822
30326
3068
10299
26801
18341
16918
12793
39888
26937
22678
41285
37475
27870
42682
31793
20253
5576
43258
19723
31043
42125
16785
40290
38358
16985
5975
17680
25154
9055
27165
32999
32420
37570
19170
33384
27550
28170
36670
25542
22756
28905
16812
42232
20779
30379
10098
34481
44063
38162
11070
22822
41097
31070
12774
17811
41284
17447
18363
28749
34378
9024
22952
44433
24184
7811
11141
39000
23473
31878
35987
30956
9591
9769
23965
7680
41138
39730
31207
37542
26115
15013
7974
25399
30861
13363
44142
3053
26097
30923
13282
18834
4273
20712
2799
36233
37791
11730
26332
26923
42904
40310
4162
10746
40922
14077
23832
43052
26396
44714
37133
9679
32629
40208
14488
15593
17605
41499
5020
25264
11476
1034
39792
33271
28186
2952
40601
31796
4647
44618
7402
20117
1866
40562
11925
41558
25013
13658
20416
43265
21846
1282
40467
27221
41780
3707
26914
32170
36680
25075
34750
17048
38094
24130
27030
15041
41031
24448
32081
6237
35249
25115
4152
10253
40967
28771
29818
25812
18221
28809
3154
9810
5766
30294
26343
35907
17456
42657
3025
20624
43435
14313
32686
40374
8494
30446
2404
15061
20568
6689
1139
36288
8994
28487
22121
330
4995
15356
42033
22014
44130
36960
8194
27136
40121
22390
20356
28663
16790
2817
21530
36097
10873
8473
36539
4305
8877
25079
18387
24381
2608
20602
13443
25830
17212
27070
31491
44371
27179
26721
32089
758
42710
6650
42842
11100
20565
34979
25139
31536
15122
30040
21420
4070
40472
19625
6708
39908
10941
18415
5568
341
33967
273
22809
42270
41969
30604
22237
42171
4615
10727
44347
30389
322
34727
24652
24650
27263
22817
44723
41353
32822
17766
32438
21669
30641
37601
10491
41309
33431
3434
24126
2132
22633
40694
30421
37284
30643
38783
12859
34993
17114
1331
9826
16739
21340
31319
3953
16951
29226
725
38801
11617
2265
23602
23978
26932
40370
43814
36978
40253
10036
35043
37082
103
12075
26592
16609
3929
32225
14749
640
44989
15486
44054
21434
18842
16185
41386
26541
18995
3548
17204
40745
17324
44926
6211
176
40201
24002
2791
31426
24636
16332
26043
42410
2059
26542
33473
12266
36728
13681
43546
31717
37722
30398
2182
23855
27373
9604
21465
13426
9798
24936
8178
41731
6217
18376
32493
10009
33364
8247
16851
42662
6365
17208
15421
9935
38785
12101
2863
22915
4264
32795
33668
30424
13745
3609
8442
2893
5466
9060
19998
15813
11902
27203
20260
5216
29080
292
41008
17364
42088
27853
20868
20576
351
27191
11616
18154
42485
41617
18679
12080
20937
30213
43549
40931
40526
11433
31967
44773
6231
16048
29744
19243
32645
11313
5356
8920
15980
681
40143
35377
35465
24216
18920
26481
16123
19828
37136
31758
7104
19287
26166
24556
23370
43822
28976
10393
22053
19002
43691
24477
30120
44363
11131
35314
2582
4845
8648
4855
9392
32286
17353
24318
8871
34455
19634
8145
8474
19698
9957
40157
29614
19284
18701
16432
37397
21713
28617
36201
40395
10065
35553
625
19671
43902
8615
2348
19590
5395
33606
31280
12918
42087
5175
32603
19599
30211
4253
30786
21012
25907
28972
44318
31152
13396
38822
23062
44653
29466
10713
15145
29620
16270
1498
20453
7956
38526
1566
4689
41713
44704
16610
18009
22199
17203
38313
15054
27591
892
16467
30779
34334
19487
16627
42748
1682
430
11638
44689
26198
25450
10926
9830
43569
27156
41641
21844
1616
19792
252
40935
7330
38373
18585
26968
20071
19391
26668
13752
35789
16729
233
6046
2081
5457
10458
32079
27980
16159
21954
9571
23734
21850
38435
22230
22566
3049
17298
657
17293
4377
42095
25754
41327
33947
32956
34952
3843
21276
36406
29021
29852
4229
16281
11875
30854
16315
926
24420
9565
949
12418
19882
42386
35448
9103
36580
7901
39513
1053
8321
31164
35780
42103
38781
28928
2098
42785
3366
32512
39275
24269
7191
39835
40322
33334
5688
43471
16750
8931
4449
36534
7915
23882
40866
40352
41272
23143
42548
20846
24303
19304
16227
34026
10708
41525
32357
31436
3104
3563
34539
37584
40490
40873
35050
18576
27406
6322
26725
14976
17561
37818
6075
39728
624
30114
24959
13424
1846
13451
3944
17135
14304
9722
39461
18145
10388
20768
23111
11504
20795
31478
27686
6067
25985
3288
20362
11979
26528
39669
29295
16064
15000
1673
44294
28540
15153
21549
41231
18048
454
8322
28533
16730
11335
24698
3396
24862
37923
34303
32776
40894
13609
32458
36196
43748
19839
26083
21761
7460
839
30011
26407
35237
26003
32024
25257
31789
28147
24584
34561
13949
32818
37287
21590
38723
15670
36987
9647
36542
30002
261
195
33531
1276
15854
17747
29400
39985
11011
21772
15694
43083
36260
28977
20204
22618
6923
4091
13325
18568
35818
27441
19519
29339
34459
35463
41888
42744
38931
16264
11905
9961
26545
19761
26501
19432
19534
30187
29879
27504
21472
44988
24452
18742
34193
30318
39216
21693
15207
7891
1675
23941
43535
1033
593
21994
22454
26323
19433
12483
35641
36528
20302
6592
11812
39072
20713
31659
2729
25975
9353
14363
30236
35265
33644
21704
9987
42590
42855
1291
7212
7852
37597
9845
873
7672
13938
18884
33807
6756
5003
39139
21528
14400
15168
28299
41229
11082
34626
29471
20152
44353
35210
23080
16256
26791
40955
33372
41399
21401
14121
25323
1928
3986
5116
18972
39293
8869
29366
15962
729
17289
44748
25141
9413
10996
8957
21476
23349
9389
1661
13827
14998
8394
6552
44962
43526
39220
22374
7650
26157
22603
34771
12950
24864
16690
16870
6253
44894
21802
42969
43865
23627
15961
22667
10007
35385
8592
7844
38235
37303
30415
19034
584
32445
12732
14881
39533
32573
42818
43638
20226
37999
30033
14164
42834
30107
21081
3923
32278
20155
36215
15381
19537
20406
29953
23607
26480
30302
16922
13367
8546
11768
24903
14401
30879
5893
28727
9792
35353
7609
6431
30032
38708
41864
25445
40728
32218
3425
19872
28864
9621
12800
43256
44441
36063
19746
28154
33281
38849
25004
9058
27977
14886
14993
2464
31795
25955
19804
1430
29046
29172
36352
29555
16072
621
23935
20211
29980
18138
12629
15639
5959
5245
14828
19530
748
217
29938
16699
39927
12461
29029
19357
39845
43458
22980
4283
25950
6847
42404
33555
10735
15924
31330
12435
28360
27656
31446
22674
25749
14969
27653
22728
29789
13904
35309
41473
30929
32374
19174
14009
27845
42915
36470
26126
11281
20589
31935
27934
29452
9391
1668
2710
41768
24897
33229
39698
25191
41504
23066
1850
12899
18502
27699
10428
42577
20845
12187
12539
12277
18709
23686
23910
25262
39586
3263
20820
11827
36946
6420
20987
30717
10126
10499
35361
9132
31713
16049
41165
19603
37787
19366
21445
25273
16694
27607
702
5881
30950
27879
33167
33416
37779
16028
37838
17599
7468
2585
33603
7134
36927
3785
32414
1183
19454
27300
27872
21096
35957
35402
28486
17914
24421
26815
40517
14942
6920
44464
29638
13517
38395
7686
16539
11574
16320
14514
13597
44412
29522
12276
37015
21055
44468
25862
6319
40853
12143
35086
13236
39006
20464
17394
2915
12146
2181
39311
2644
41179
44742
44073
465
1165
11872
2813
7563
43741
14501
16421
22892
41686
4500
27120
41604
39425
12263
26860
39433
43728
2969
2189
12761
3115
31158
9561
34596
12123
30660
44805
41833
13151
19869
29133
44150
22355
2331
11483
44595
12037
13059
7747
42738
13529
37056
13469
23730
41825
18117
29380
12340
42283
21410
30670
12200
34923
18765
44366
42330
24641
15984
7893
34882
23532
39495
9401
19683
37780
2527
1402
5787
22500
3564
18349
29924
35982
38097
32385
14200
25308
25893
39094
13702
35971
24830
6415
8510
40480
1271
43499
2672
24828
31101
11478
23937
40871
19027
8193
7708
31594
16152
40056
26330
31125
26683
17624
25084
42074
29358
35913
40477
9366
31415
40473
7220
7238
1503
14057
12527
13048
13653
18332
10308
647
23562
20206
5455
43696
28068
1594
19608
23917
1484
19484
27944
9235
19898
6515
32505
21785
15483
22798
7142
21006
32739
37028
3831
37171
10989
8202
3555
12088
6750
33789
12701
44382
11879
29578
11834
44218
41695
18575
39996
21102
18356
21626
33015
20048
44786
43886
31328
317
11568
43912
800
31081
17520
39035
36949
15018
2528
35204
44980
4750
1912
35795
37402
41556
27545
10586
41648
16026
33764
8801
19970
36066
10915
23747
8337
21403
10085
34709
30426
33149
8528
7762
40833
9724
25482
12865
2279
35197
35049
14804
9194
42528
5042
34041
12894
22811
521
38129
36651
2885
37554
12313
40024
734
4813
9687
16914
21308
21805
2174
3426
14553
42509
27887
16134
23950
8668
34046
708
37852
32473
4859
26080
13905
26780
4168
21406
22862
28881
25194
16323
36019
9282
13972
28935
39585
4630
33258
33962
40877
283
15656
13148
4009
39989
39305
41208
38567
39458
34252
23534
13160
16804
4503
31538
39180
24876
15929
2362
4448
3734
34527
8739
43914
35742
2298
7193
10656
26100
19682
40347
35012
10734
41322
16325
11426
34031
31868
44756
10504
70
28203
32825
23133
3510
32846
581
25429
42686
31306
7029
7155
41912
34627
35589
9141
17681
39209
32905
1490
18751
6245
8692
14680
3211
35707
40492
24607
41600
21840
19832
16366
16726
6904
31542
16329
25065
214
41659
16367
11578
18871
32118
33928
17403
18786
43112
21287
29012
19466
30034
28628
20068
11799
23157
16621
44743
18295
37331
25292
39128
6985
21666
6623
5323
11052
39008
20078
22508
26637
28880
16749
7738
19412
27059
35406
28719
1829
9976
12506
15331
17582
14001
11711
7374
776
11195
6433
41276
24889
5672
34073
30875
23632
5260
30148
19557
23222
32625
25231
17516
12883
23927
49
4413
30427
16660
27320
24848
4119
10277
31013
16680
14875
4384
36242
27142
13683
17224
35452
14459
26786
33925
18817
745
42263
15590
22132
44619
2007
34500
1707
17707
30567
44303
5579
1012
33063
38574
22710
16372
13035
43894
3375
29919
37921
19568
38515
31286
36102
879
4086
19395
17287
2457
22639
16356
43361
11807
4348
1536
18788
11963
24758
2571
34577
2286
17417
19295
6939
30587
11636
37313
38122
5940
17416
14277
15074
16883
3488
15652
6890
44049
35225
36090
26449
17982
44221
12160
18670
1590
37908
28736
31509
23796
33683
11594
17192
32662
25564
5158
40107
7
8934
37024
15821
27554
3798
27622
32832
44088
23630
41202
37482
4883
28762
27715
40066
20958
24639
8790
419
5879
14076
43354
41675
3758
33104
34661
13069
13664
22471
655
37877
33890
37315
10593
6020
12000
42445
36300
26778
38252
37517
38217
31425
42980
43402
44539
4519
32495
35573
19718
1819
16296
39603
36363
