82979
54911
88386
58822
89810
63495
70555
58316
57929
73374
88684
71716
46570
85273
55855
53718
66247
75423
64495
52615
62515
75443
75602
46388
82633
66716
78138
55852
66964
54354
70946
69780
86447
72245
88592
74814
74041
56275
59006
56899
51807
85409
64536
60837
72159
48016
88195
49729
63754
73326
54661
55229
88562
61207
89959
87192
49193
69676
75086
51736
55520
52707
76167
81149
49518
55500
57570
78223
85307
70047
54351
79390
49538
48863
87936
58620
70082
53919
82850
85136
79857
87954
62247
63392
60423
78301
48401
51100
86230
49419
60226
87786
63335
57830
53124
51316
69189
71596
88366
58847
80154
49157
81830
68146
58817
76735
79354
57733
59858
47705
48029
81943
58267
47624
67664
52262
87252
47296
83469
78213
76863
54545
56605
49741
66960
76470
60158
50533
88906
63552
68394
85148
86696
82869
51184
73061
77098
72638
69012
46114
64016
51605
85243
61027
58602
53279
48189
62102
53908
66865
75878
62704
82968
48705
61109
67877
72917
46000
49243
67531
54084
48125
82839
64316
67715
47730
45672
75457
46655
70631
69953
85019
71447
52732
69743
49730
69106
75240
78330
57892
84481
82547
68029
52949
75227
77891
46219
51885
46710
74584
50836
71503
86589
65005
59894
83621
60806
49832
50342
82450
75900
75343
84718
50857
57335
51193
64099
76343
50865
59623
45429
57858
75528
66426
53420
84660
63628
56847
79696
81232
45811
59815
46704
84138
82513
55894
66668
80101
78549
84126
86287
69020
50426
75559
86539
76448
48455
47135
67753
51434
53239
73304
57758
74095
79640
88055
47360
68699
72711
61906
53341
76862
47055
51314
63463
85771
61253
79382
50377
47185
50080
73897
68784
61591
54165
56393
71395
78926
72380
61580
71656
61511
76144
69576
71057
47111
77503
57472
58254
75083
77292
81524
88450
59646
69412
81317
69250
62609
76452
81494
47544
78898
51110
58172
45314
62146
55406
63712
70203
64764
89678
54444
77572
60188
52474
51404
71643
79894
56028
51757
50501
65397
73201
64833
81800
70750
53538
60614
46603
81467
53140
72090
65913
83130
80535
62577
64182
85852
52625
78604
49128
82656
81559
86050
61168
48633
49707
63783
70539
74363
62779
53278
46444
51381
61540
81022
73517
61079
78596
89941
45399
77760
83104
58268
46631
49740
63152
89193
50373
63524
82871
76305
50661
78353
59827
60488
84587
48933
66856
84134
64246
78018
60020
57831
65019
61822
72628
48737
69492
88399
48378
65399
67103
58174
65744
46788
46107
64100
60124
60917
46232
59194
54731
56642
59856
53241
76157
79366
89089
48460
70840
86485
65251
89043
45004
79811
56470
86239
45564
68894
86017
85239
56933
63266
89023
89358
77740
58168
53225
45297
72111
72287
47494
86162
56224
67969
69803
49246
82798
60550
53508
84881
70636
50907
66306
52976
53357
59539
77918
72349
49504
49704
47514
62919
47328
56081
63331
88722
85598
80253
84726
64132
52339
56670
82888
57968
62354
74502
88534
86802
75674
72110
77194
76188
52656
72698
76265
60113
75338
51810
53952
64620
61156
68676
84741
57425
68773
62109
56886
51803
46487
45853
63789
72173
75799
72335
67095
88630
78247
58399
67790
85874
71285
72255
54464
51108
65382
49241
66583
47740
76274
88342
76180
61036
81417
53249
46703
89228
60497
50733
76747
86640
50071
89442
45216
49851
75195
76641
83949
72487
49337
83668
81230
49513
88442
72827
81374
70285
73442
65797
54061
89635
69141
77146
47907
77304
79408
77910
69109
61171
79602
88506
67059
87268
81434
74862
69360
48617
46644
89470
61341
50478
71540
83260
81000
89042
86228
56331
57868
77241
68432
86072
84700
65723
46784
59217
76246
73041
65780
60388
79796
63750
45231
63353
68204
49336
64951
83968
57776
80666
88068
61635
63685
61537
67974
71805
56919
79522
65807
80779
77558
80145
85803
76494
70843
80176
76691
83154
53057
84854
79902
66080
47875
83362
89490
47554
65258
78777
45646
58624
50382
58924
67819
53256
74408
88977
48861
85327
76016
51915
57680
65586
60200
47874
81158
58958
87526
47868
85977
77432
55135
45898
46121
70237
70376
75360
89026
75627
68972
59720
66898
62935
56841
48035
46812
78975
49071
73599
65743
49303
53943
73344
59825
71693
78412
53407
47549
45354
48640
55761
67655
72483
68689
78863
63553
68426
61880
73233
74913
54433
79423
68578
51926
58459
64408
46489
73530
59475
61404
74515
88271
67528
50286
81611
45842
78007
59181
54786
45501
63900
54068
69246
72377
78921
86826
73209
45890
74905
49867
58077
65285
50742
77757
88106
77763
71165
75196
52094
76477
75295
73425
67513
78220
89087
69733
76394
82255
67470
53578
66443
46278
65687
87279
71992
79630
82747
46377
72303
54619
67284
86113
54273
73858
55381
53122
65535
66884
50548
70928
57547
71278
67475
63785
54294
89004
68249
54595
72333
69019
80776
70973
72857
70798
54403
65844
71813
72996
66245
75311
67022
48673
52918
66564
83231
56420
54553
65227
85046
52817
69854
74678
62566
57083
89907
58920
50264
62664
63442
50921
82223
46900
67256
54037
85945
75238
82326
49215
54693
52379
51865
63647
82864
45173
78287
75995
47385
63924
76654
48461
75012
65697
70332
80606
72756
77051
47004
86374
82006
57063
54555
88750
70914
80557
46470
72837
67060
60286
47851
83695
76011
61403
56096
69540
45884
68388
74653
89125
66355
70334
67859
74413
82066
63876
68881
89376
58927
80875
66640
68757
48862
56264
58058
59966
55324
73723
53909
53897
47463
48030
55665
53870
78718
75184
65533
48308
74015
50904
54538
89647
48899
51935
70149
77159
56873
88690
67849
63741
73508
67517
56196
58098
63525
52932
65228
71882
50762
51056
78871
81433
68269
87743
85229
57065
69205
63846
55992
61441
58623
88140
69113
59711
86387
73606
83966
73198
85377
82239
61377
68028
55059
48939
50034
83167
82591
87875
78494
70695
45116
78497
50954
64452
77109
52861
53893
89695
45144
67081
64031
61601
62284
47191
65824
54281
76779
69221
78702
55157
84803
56987
74044
67782
46162
75566
61342
49207
50946
86057
68836
79590
80258
89597
83993
60662
73722
72288
63143
70011
76847
79129
46131
51493
46864
74982
59759
60335
54035
63397
84844
65084
72983
88387
82119
89184
82350
52905
64378
75579
66001
87129
81654
62031
71892
56477
87780
86854
71941
60999
76959
85724
71730
69313
76885
58047
79918
88825
74700
88376
59441
47593
89942
64120
84329
88580
81516
75546
62851
71847
83798
64664
60278
71912
74993
49550
83151
65708
55536
64006
79266
65745
73974
53090
81958
87415
61397
64660
78707
50598
85778
84590
58641
66220
83899
66394
63917
68445
55347
61837
48519
65969
69993
65945
66441
50102
52524
72847
63586
87805
59673
89968
82942
57350
58674
80439
52132
72635
47943
56930
49421
81084
80701
45343
79538
88134
84009
75078
64794
56734
86586
52090
46175
63202
72486
68107
88491
81525
67773
74608
83326
64302
58095
67826
88275
89770
54299
71507
66428
73280
71516
87961
56380
69759
86126
89123
71358
57103
75548
64444
84405
53344
81001
84011
61379
61337
84828
88248
88714
53665
72520
54738
65367
62277
61174
50010
54233
87497
59632
72148
50343
48184
74206
60610
86280
84807
76572
62757
55343
59644
87848
64188
83043
77111
82319
48418
64512
45476
65267
52431
63393
77575
65506
64719
75260
73318
47269
80848
85946
50757
85547
73923
65197
50936
59228
67711
47746
69181
86619
88625
70414
82806
76984
83079
52217
74582
63380
72717
67989
84598
82301
71085
57038
66190
61115
74470
82961
73560
70205
49884
64825
45150
74745
73929
88677
63806
81217
80244
66822
75326
48068
55299
71801
63341
61918
57793
84888
71937
67678
86285
82475
72870
87682
76793
65253
50576
88258
64723
76043
87125
61785
85290
83358
61985
50975
62680
70154
54055
72165
77999
77420
82570
64170
78384
72550
73170
81670
70542
67756
73905
61812
87232
65779
75379
55098
79481
89063
83162
56070
67822
86097
76070
57774
62811
86284
62447
63363
73749
79378
54024
67952
89433
69184
52811
56141
84000
68473
76878
80987
75956
54591
54769
68965
52680
86138
84730
76207
82542
71115
60013
52974
70399
75861
58363
89142
48053
71097
75923
58282
63834
49273
65712
47799
81233
82791
56730
71332
71923
87904
85310
49162
55746
85922
59077
68832
88052
71396
89714
82133
54679
77629
85208
59488
60593
62605
86499
50020
70264
56476
46034
84792
78271
73186
47952
85601
76796
49647
89618
52402
65117
46866
85562
56925
86558
70013
58658
65416
88265
66846
46282
85467
72221
86780
48707
71914
77170
81680
70075
79750
62048
83094
69130
72030
60041
86031
69448
77081
51237
80249
70115
49152
55253
85967
73771
74818
70812
63221
73809
48154
54810
50766
75294
71343
80907
62456
87657
48025
65624
88435
59313
77686
85374
53494
75446
47404
60061
65568
51689
46139
81288
53994
73487
67121
45330
49995
60356
87033
67014
89130
81960
53194
72136
85121
67390
65356
73663
61790
47817
66530
81097
55873
53473
81539
49305
53877
70079
63387
69381
47608
65602
58443
70830
62212
72070
76491
89371
72179
71721
77089
45758
87710
51650
87842
56100
65565
79979
70139
76536
60122
75040
66420
49070
85472
64625
51708
84908
55941
63415
50568
45341
78967
45273
67809
87270
86969
75604
67237
87171
49615
55727
89347
75389
45322
79727
69652
69650
72263
67817
89723
86353
77822
62766
77438
66669
75641
82601
55491
86309
78431
48434
69126
47132
67633
85694
75421
82284
75643
83783
57859
79993
62114
46331
54826
61739
66340
76319
48953
61951
74226
45725
83801
56617
47265
68602
68978
71932
85370
88814
81978
85253
55036
80043
82082
45103
57075
71592
61609
48929
77225
59749
45640
89989
60486
89054
66434
63842
61185
86386
71541
63995
48548
62204
85745
62324
89926
51211
45176
85201
69002
47791
76426
69636
61332
71043
87410
47059
71542
78473
57266
81728
58681
88546
76717
82722
75398
47182
68855
72373
54604
66465
58426
54798
69936
53178
86731
51217
63376
77493
55009
78364
53247
61851
87662
51365
62208
60421
54935
83785
57101
47863
67915
49264
77795
78668
75424
58745
48609
53442
47893
50466
54060
64998
60813
56902
72203
65260
50216
74080
45292
86008
62364
87088
72853
65868
65576
45351
72191
56616
63154
87485
86617
63679
57080
65937
75213
88549
85931
85526
56433
76967
89773
51231
61048
74744
64243
77645
56313
50356
53920
60980
45681
85143
80377
80465
69216
63920
71481
61123
64828
82136
76758
52104
64287
71166
69556
68370
88822
73976
55393
67053
64002
88691
69477
75120
89363
56131
80314
47582
49845
53648
49855
54392
77286
62353
69318
53871
79455
64634
53145
53474
64698
54957
85157
74614
64284
63701
61432
82397
66713
73617
81201
85395
55065
80553
45625
64671
88902
53615
47348
64590
50395
78606
76280
57918
87087
50175
77603
64599
75211
49253
75786
66012
70907
73972
89318
76152
58396
83822
68062
89653
74466
55713
60145
74620
61270
46498
65453
52956
83526
46566
49689
86713
89704
61610
63009
67199
62203
83313
60054
72591
45892
61467
75779
79334
64487
61627
87748
46682
45430
56638
89689
71198
70450
55926
54830
88569
72156
86641
66844
46616
64792
45252
85935
52330
83373
63585
71968
65071
64391
71668
58752
80789
61729
45233
51046
47081
50457
55458
77079
72980
61159
66954
54571
68734
66850
83435
67230
67566
48049
62298
45657
62293
49377
87095
70754
86327
78947
77956
79952
48843
66276
81406
74021
74852
49229
61281
56875
75854
61315
45926
69420
54565
45949
57418
64882
87386
80448
54103
81580
52901
84513
46053
53321
76164
80780
87103
83781
73928
47098
87785
48366
77512
84275
69269
52191
84835
85322
78334
50688
88471
61750
53931
49449
81534
52915
68882
85866
85352
86272
68143
87548
65846
69303
64304
61227
79026
55708
86525
77357
76436
48104
48563
79539
82584
85490
85873
80050
63576
72406
51322
71725
59976
62561
82818
51075
84728
45624
75114
69959
58424
46846
58451
48944
62135
59304
54722
84461
63145
55388
65768
68111
56504
65795
76478
72686
51067
70985
48288
65362
56979
71528
84669
74295
61064
60000
46673
89294
73540
60153
66549
86231
63048
45454
53322
73533
61730
56335
69698
48396
69862
82923
79303
77776
85894
58609
77458
81196
88748
64839
71083
66761
52460
45839
75011
71407
80237
71003
77024
70257
76789
73147
69584
79561
58949
77818
82287
66590
83723
60670
81987
54647
81542
75002
45261
45195
78531
46276
60854
62747
74400
84985
56011
66772
60694
88083
81260
73977
65204
67618
51923
49091
58325
63568
80818
72441
64519
74339
79459
80463
86888
87744
83931
61264
56905
54961
71545
64761
71501
64432
64534
75187
74879
72504
66472
89988
69452
63742
79193
75318
84216
66693
60207
52891
46675
68941
88535
46033
45593
66994
67454
71323
64433
57483
80641
81528
65302
51592
56812
84072
65713
76659
47729
70975
54353
59363
75236
80265
78644
66704
54987
87590
87855
46291
52212
52852
82597
54845
45873
52672
58938
63884
78807
51756
50003
84139
66528
59400
60168
73299
86229
56082
79626
74471
65152
89353
80210
68080
61256
71791
85955
78372
86399
66401
59121
70323
46928
48986
50116
63972
84293
53869
74366
60962
45729
62289
89748
70141
54413
55996
53957
66476
68349
54389
46661
58827
59998
53394
51552
89962
88526
84220
67374
52650
71157
67603
79771
57950
69864
61690
61870
51253
89894
66802
87969
88865
68627
60961
67667
55007
80385
53592
52844
83235
82303
75415
64034
45584
77445
57732
59881
84533
77573
87818
88638
65226
82999
75033
59164
87834
75107
66081
48923
77278
65155
81215
60381
64537
65406
74953
68607
71480
75302
61922
58367
53546
56768
69903
59401
75879
50893
73727
54792
80353
52609
51431
75032
83708
86864
70445
85728
77218
48425
64872
73864
54621
57800
88256
89441
81063
64746
73154
78281
83849
70004
54058
72977
59886
59993
47464
76795
70955
64804
46430
74046
74172
81352
74555
61072
45621
68935
65211
74980
63138
57629
60639
50959
50245
59828
64530
45748
45217
74938
61699
84927
57461
74029
64357
84845
88458
67980
49283
70950
51847
87404
78555
55735
60924
76330
57435
73360
72656
76446
67674
70749
59969
72653
67728
74789
58904
80309
86473
75929
77374
64174
59009
72845
87915
81470
71126
56281
65589
76935
72934
74452
54391
46668
47710
86768
69897
78229
84698
70191
86504
68066
46850
57899
63502
72699
55428
87577
65845
57187
57539
57277
63709
68686
68910
70262
84586
48263
65820
56827
81946
51420
65987
75717
55126
55499
80361
54132
76713
61049
86165
64603
82787
64366
66445
70273
61694
72607
45702
50881
75950
72879
78167
78416
82779
61028
82838
62599
52468
47585
78603
52134
81927
48785
77414
46183
64454
72300
72872
66096
80957
80402
73486
62914
69421
71815
85517
59942
51920
89464
74638
58517
83395
52686
61539
56574
61320
59514
58597
89412
74522
57276
82015
66055
89468
70862
51319
85853
57143
80086
58236
84006
65464
62394
47915
57146
47181
84311
47644
86179
89742
89073
45465
46165
56872
47813
52563
88741
59501
61421
67892
86686
49500
72120
86604
84425
57263
71860
84433
88728
47969
47189
57761
48115
76158
54561
79596
57123
75660
89805
86833
58151
64869
74133
89150
67355
47331
56483
89595
57037
58059
52747
87738
58529
82056
58469
68730
86825
63117
74380
57340
87283
66410
75670
57200
79923
63765
89366
87330
69641
60984
52893
79882
68532
84495
54401
64683
82780
47527
46402
50787
67500
48564
63349
74924
80982
83097
77385
59200
70308
70893
84094
58702
80971
69830
51415
53510
85480
46271
88499
47672
69828
76101
56478
68937
85871
64027
53193
52708
76594
61152
85056
71330
76125
71683
62624
70084
87074
74358
80913
85477
54366
76415
85473
52220
52238
46503
59057
57527
58048
58653
63332
55308
45647
68562
65206
50455
88696
73068
46594
64608
68917
46484
64484
72944
54235
64898
51515
77505
66785
60483
67798
52142
66006
77739
82028
48831
82171
55989
53202
48555
57088
51750
78789
57701
89382
56879
74578
56834
89218
86695
63575
84996
66102
63356
66626
78015
65048
89786
88886
76328
45317
56568
88912
45800
76081
62520
84035
81949
60018
47528
80204
89980
49750
46912
80795
82402
86556
72545
55586
86648
61026
78764
53801
64970
81066
55915
68747
53337
66403
55085
79709
75426
78149
53528
52762
85833
54724
70482
57865
47279
80197
80049
59804
54194
87528
50042
79041
57894
67811
45521
83129
81651
47885
82554
57313
85024
45734
49813
54687
61914
66308
66805
47174
48426
59553
87509
72887
61134
68950
53668
79046
45708
82852
77473
49859
71080
58905
71780
49168
66406
67862
73881
70194
61323
81019
54282
58972
73935
84585
49630
78258
78962
85877
45283
60656
58148
49009
84989
84305
86208
83567
84458
79252
68534
58160
61804
49503
76538
84180
69876
60929
47362
49448
48734
79527
53739
88914
80742
47298
52193
55656
71100
64682
85347
80012
55734
86322
61325
56426
79031
76868
89756
55504
45070
73203
77825
68133
48510
77846
45581
70429
87686
76306
52029
52155
86912
79627
80589
54141
62681
84209
77905
46490
63751
51245
53692
59680
48211
80707
85492
69607
86600
66840
64832
61366
61726
51904
76542
61329
70065
45214
86659
61367
56578
63871
77118
78928
62403
63786
88112
66287
74012
64466
75034
73628
65068
56799
68157
61621
89743
63295
82331
70292
84128
51985
66666
51623
50323
56052
84008
65078
67508
71637
73880
61749
52738
64412
72059
80406
73719
46829
54976
57506
60331
62582
59001
56711
52374
45776
56195
51433
86276
69889
50672
79073
75875
68632
50260
75148
64557
68222
77625
70231
62516
57883
68927
45049
49413
75427
61660
72320
69848
49119
55277
76013
61680
59875
49384
81242
72142
58683
62224
80452
59459
71786
78925
63817
45745
87263
60590
67132
89619
47007
79500
46707
62707
75567
89303
50579
46012
78063
83574
67710
61372
58035
88894
48375
74919
82921
64568
83515
