172979
144911
178386
148822
179810
153495
160555
148316
147929
163374
178684
161716
136570
175273
145855
143718
156247
165423
154495
142615
152515
165443
165602
136388
172633
156716
168138
145852
156964
144354
160946
159780
176447
162245
178592
164814
164041
146275
149006
146899
141807
175409
154536
150837
162159
138016
178195
139729
153754
163326
144661
145229
178562
151207
179959
177192
139193
159676
165086
141736
145520
142707
166167
171149
139518
145500
147570
168223
175307
160047
144351
169390
139538
138863
177936
148620
160082
143919
172850
175136
169857
177954
152247
153392
150423
168301
138401
141100
176230
139419
150226
177786
153335
147830
143124
141316
159189
161596
178366
148847
170154
139157
171830
158146
148817
166735
169354
147733
149858
137705
138029
171943
148267
137624
157664
142262
177252
137296
173469
168213
166863
144545
146605
139741
156960
166470
150158
140533
178906
153552
158394
175148
176696
172869
141184
163061
167098
162638
159012
136114
154016
141605
175243
151027
148602
143279
138189
152102
143908
156865
165878
152704
172968
138705
151109
157877
162917
136000
139243
157531
144084
138125
172839
154316
157715
137730
135672
165457
136655
160631
159953
175019
161447
142732
159743
139730
159106
165240
168330
147892
174481
172547
158029
142949
165227
167891
136219
141885
136710
164584
140836
161503
176589
155005
149894
173621
150806
139832
140342
172450
165900
165343
174718
140857
147335
141193
154099
166343
140865
149623
135429
147858
165528
156426
143420
174660
153628
146847
169696
171232
135811
149815
136704
174138
172513
145894
156668
170101
168549
174126
176287
159020
140426
165559
176539
166448
138455
137135
157753
141434
143239
163304
147758
164095
169640
178055
137360
158699
162711
151906
143341
166862
137055
141314
153463
175771
151253
169382
140377
137185
140080
163897
158784
151591
144165
146393
161395
168926
162380
151580
161656
151511
166144
159576
161057
137111
167503
147472
148254
165083
167292
171524
178450
149646
159412
171317
159250
152609
166452
171494
137544
168898
141110
148172
135314
152146
145406
153712
160203
154764
179678
144444
167572
150188
142474
141404
161643
169894
146028
141757
140501
155397
163201
154833
171800
160750
143538
150614
136603
171467
143140
162090
155913
173130
170535
152577
154182
175852
142625
168604
139128
172656
171559
176050
151168
138633
139707
153783
160539
164363
152779
143278
136444
141381
151540
171022
163517
151079
168596
179941
135399
167760
173104
148268
136631
139740
153152
179193
140373
153524
172871
166305
140661
168353
149827
150488
174587
138933
156856
174134
154246
168018
150020
147831
155019
151822
162628
138737
159492
178399
138378
155399
157103
148174
155744
136788
136107
154100
150124
150917
136232
149194
144731
146642
149856
143241
166157
169366
179089
138460
160840
176485
155251
179043
135004
169811
146470
176239
135564
158894
176017
175239
146933
153266
179023
179358
167740
148168
143225
135297
162111
162287
137494
176162
146224
157969
159803
139246
172798
150550
143508
174881
160636
140907
156306
142976
143357
149539
167918
162349
139504
139704
137514
152919
137328
146081
153331
178722
175598
170253
174726
154132
142339
146670
172888
147968
152354
164502
178534
176802
165674
162110
167194
166188
142656
162698
166265
150113
165338
141810
143952
154620
151156
158676
174741
147425
158773
152109
146886
141803
136487
135853
153789
162173
165799
162335
157095
178630
168247
148399
157790
175874
161285
162255
144464
141108
155382
139241
156583
137740
166274
178342
166180
151036
171417
143249
136703
179228
150497
140733
166747
176640
140071
179442
135216
139851
165195
166641
173949
162487
139337
173668
171230
139513
178442
162827
171374
160285
163442
155797
144061
179635
159141
167146
137907
167304
169408
167910
159109
151171
169602
178506
157059
177268
171434
164862
159360
138617
136644
179470
151341
140478
161540
173260
171000
179042
176228
146331
147868
167241
158432
176072
174700
155723
136784
149217
166246
163041
155780
150388
169796
153750
135231
153353
158204
139336
154951
173968
147776
170666
178068
151635
153685
151537
157974
161805
146919
169522
155807
170779
167558
170145
175803
166494
160843
170176
166691
173154
143057
174854
169902
156080
137875
173362
179490
137554
155258
168777
135646
148624
140382
148924
157819
143256
164408
178977
138861
175327
166016
141915
147680
155586
150200
137874
171158
148958
177526
137868
175977
167432
145135
135898
136121
160237
160376
165360
179026
165627
158972
149720
156898
152935
146841
138035
136812
168975
139071
163599
155743
139303
143943
163344
149825
161693
168412
143407
137549
135354
138640
145761
157655
162483
158689
168863
153553
158426
151880
163233
164913
144433
169423
158578
141926
148459
154408
136489
163530
149475
151404
164515
178271
157528
140286
171611
135842
168007
149181
144786
135501
153900
144068
159246
162377
168921
176826
163209
135890
164905
139867
148077
155285
140742
167757
178106
167763
161165
165196
142094
166477
165295
163425
157513
168220
179087
159733
166394
172255
157470
143578
156443
136278
155687
177279
161992
169630
172747
136377
162303
144619
157284
176113
144273
163858
145381
143122
155535
156884
140548
160928
147547
161278
157475
153785
144294
179004
158249
144595
162333
159019
170776
160973
162857
160798
144403
155844
161813
162996
156245
165311
157022
138673
142918
156564
173231
146420
144553
155227
175046
142817
159854
164678
152566
147083
179907
148920
140264
152664
153442
140921
172223
136900
157256
144037
175945
165238
172326
139215
144693
142379
141865
153647
172864
135173
168287
165995
137385
153924
166654
138461
165012
155697
160332
170606
162756
167051
137004
176374
172006
147063
144555
178750
160914
170557
136470
162837
157060
150286
137851
173695
166011
151403
146096
159540
135884
158388
164653
179125
156355
160334
157859
164413
172066
153876
158881
179376
148927
170875
156640
158757
138862
146264
148058
149966
145324
163723
143909
143897
137463
138030
145665
143870
168718
165184
155533
138308
164015
140904
144538
179647
138899
141935
160149
167159
146873
178690
157849
153741
163508
157517
146196
148098
153525
142932
155228
161882
140762
141056
168871
171433
158269
177743
175229
147065
159205
153846
145992
151441
148623
178140
159113
149711
176387
163606
173966
163198
175377
172239
151377
158028
145059
138939
140034
173167
172591
177875
168494
160695
135116
168497
140954
154452
167109
142861
143893
179695
135144
157081
154031
151601
152284
137191
155824
144281
166779
159221
168702
145157
174803
146987
164044
157782
136162
165566
151342
139207
140946
176057
158836
169590
170258
179597
173993
150662
163722
162288
153143
160011
166847
169129
136131
141493
136864
164982
149759
150335
144035
153397
174844
155084
162983
178387
172119
179184
172350
142905
154378
165579
156001
177129
171654
152031
161892
146477
177780
176854
161941
150999
166959
175724
161730
159313
166885
148047
169918
178825
164700
178376
149441
137593
179942
154120
174329
178580
171516
165546
152851
161847
173798
154664
150278
161912
164993
139550
173151
155708
145536
154006
169266
155745
163974
143090
171958
177415
151397
154660
168707
140598
175778
174590
148641
156220
173899
156394
153917
158445
145347
151837
138519
155969
159993
155945
156441
140102
142524
162847
153586
177805
149673
179968
172942
147350
148674
170439
142132
162635
137943
146930
139421
171084
170701
135343
169538
178134
174009
165078
154794
146734
176586
142090
136175
153202
162486
158107
178491
171525
157773
164608
173326
154302
148095
157826
178275
179770
144299
161507
156428
163280
161516
177961
146380
159759
176126
179123
161358
147103
165548
154444
174405
143344
171001
174011
151379
151337
174828
178248
178714
143665
162520
144738
155367
152277
151174
140010
144233
177497
149632
162148
140343
138184
164206
150610
176280
174807
166572
152757
145343
149644
177848
154188
173043
167111
172319
138418
154512
135476
155267
142431
153393
167575
155506
154719
165260
163318
137269
170848
175946
140757
175547
163923
155197
140936
149228
157711
137746
159181
176619
178625
160414
172806
166984
173079
142217
164582
153380
162717
157989
174598
172301
161085
147038
156190
151115
164470
172961
163560
160205
139884
154825
135150
164745
163929
178677
153806
171217
170244
156822
165326
138068
145299
161801
153341
151918
147793
174888
161937
157678
176285
172475
162870
177682
166793
155253
140576
178258
154723
166043
177125
151785
175290
173358
151985
140975
152680
160154
144055
162165
167999
167420
172570
154170
168384
162550
163170
171670
160542
157756
163905
151812
177232
155779
165379
145098
169481
179063
173162
146070
157822
176097
166070
147774
152811
176284
152447
153363
163749
169378
144024
157952
179433
159184
142811
146141
174000
158473
166878
170987
165956
144591
144769
158965
142680
176138
174730
166207
172542
161115
150013
142974
160399
165861
148363
179142
138053
161097
165923
148282
153834
139273
155712
137799
171233
172791
146730
161332
161923
177904
175310
139162
145746
175922
149077
158832
178052
161396
179714
172133
144679
167629
175208
149488
150593
152605
176499
140020
160264
146476
136034
174792
168271
163186
137952
175601
166796
139647
179618
142402
155117
136866
175562
146925
176558
160013
148658
155416
178265
156846
136282
175467
162221
176780
138707
161914
167170
171680
160075
169750
152048
173094
159130
162030
150041
176031
159448
167081
141237
170249
160115
139152
145253
175967
163771
164818
160812
153221
163809
138154
144810
140766
165294
161343
170907
152456
177657
138025
155624
178435
149313
167686
175374
143494
165446
137404
150061
155568
141689
136139
171288
143994
163487
157121
135330
139995
150356
177033
157014
179130
171960
143194
162136
175121
157390
155356
163663
151790
137817
156530
171097
145873
143473
171539
139305
143877
160079
153387
159381
137608
155602
148443
160830
152212
162070
166491
179371
162179
161721
167089
135758
177710
141650
177842
146100
155565
169979
160139
166536
150122
165040
156420
139070
175472
154625
141708
174908
145941
153415
140568
135341
168967
135273
157809
177270
176969
165604
157237
177171
139615
145727
179347
165389
135322
169727
159652
159650
162263
157817
179723
176353
167822
152766
167438
156669
165641
172601
145491
176309
168431
138434
159126
137132
157633
175694
165421
172284
165643
173783
147859
169993
152114
136331
144826
151739
156340
166319
138953
151951
164226
135725
173801
146617
137265
158602
158978
161932
175370
178814
171978
175253
145036
170043
172082
135103
147075
161592
151609
138929
167225
149749
135640
179989
150486
179054
156434
153842
151185
176386
161541
153995
138548
152204
175745
152324
179926
141211
135176
175201
159002
137791
166426
159636
151332
161043
177410
137059
161542
168473
147266
171728
148681
178546
166717
172722
165398
137182
158855
162373
144604
156465
148426
144798
159936
143178
176731
141217
153376
167493
145009
168364
143247
151851
177662
141365
152208
150421
144935
173785
147101
137863
157915
139264
167795
168668
165424
148745
138609
143442
137893
140466
144060
154998
150813
146902
162203
155260
140216
164080
135292
176008
152364
177088
162853
155868
155576
135351
162191
146616
153154
177485
176617
153679
147080
155937
165213
178549
175931
175526
146433
166967
179773
141231
151048
164744
154243
167645
146313
140356
143920
150980
135681
175143
170377
170465
159216
153920
161481
151123
154828
172136
166758
142104
154287
161166
159556
158370
178822
163976
145393
157053
154002
178691
159477
165120
179363
146131
170314
137582
139845
143648
139855
144392
167286
152353
159318
143871
169455
154634
143145
143474
154698
144957
175157
164614
154284
153701
151432
172397
156713
163617
171201
175395
145065
170553
135625
154671
178902
143615
137348
154590
140395
168606
166280
147918
177087
140175
167603
154599
165211
139253
165786
156012
160907
163972
179318
166152
148396
173822
158062
179653
164466
145713
150145
164620
151270
136498
155453
142956
173526
136566
139689
176713
179704
151610
153009
157199
152203
173313
150054
162591
135892
151467
165779
169334
154487
151627
177748
136682
135430
146638
179689
161198
160450
145926
144830
178569
162156
176641
156844
136616
154792
135252
175935
142330
173373
153585
161968
155071
154391
161668
148752
170789
151729
135233
141046
137081
140457
145458
167079
162980
151159
156954
144571
158734
156850
173435
157230
157566
138049
152298
135657
152293
139377
177095
160754
176327
168947
167956
169952
138843
156276
171406
164021
164852
139229
151281
146875
165854
151315
135926
159420
144565
135949
147418
154882
177386
170448
144103
171580
142901
174513
136053
143321
166164
170780
177103
173781
163928
137098
177785
138366
167512
174275
159269
142191
174835
175322
168334
140688
178471
151750
143931
139449
171534
142915
158882
175866
175352
176272
158143
177548
155846
159303
154304
151227
169026
145708
176525
167357
166436
138104
138563
169539
172584
175490
175873
170050
153576
162406
141322
161725
149976
152561
172818
141075
174728
135624
165114
159959
148424
136846
148451
138944
152135
149304
144722
174461
153145
145388
155768
158111
146504
155795
166478
162686
141067
160985
138288
155362
146979
161528
174669
164295
151064
150000
136673
179294
163540
150153
156549
176231
153048
135454
143322
163533
151730
146335
159698
138396
159862
172923
169303
167776
175894
148609
167458
171196
178748
154839
161083
156761
142460
135839
165011
161407
170237
161003
167024
160257
166789
163147
159584
169561
148949
167818
172287
156590
173723
150670
171987
144647
171542
165002
135261
135195
168531
136276
150854
152747
164400
174985
146011
156772
150694
178083
171260
163977
155204
157618
141923
139091
148325
153568
170818
162441
154519
164339
169459
170463
176888
177744
173931
151264
146905
144961
161545
154761
161501
154432
154534
165187
164879
162504
156472
179988
159452
153742
169193
165318
174216
156693
150207
142891
136675
158941
178535
136033
135593
156994
157454
161323
154433
147483
170641
171528
155302
141592
146812
174072
155713
166659
137729
160975
144353
149363
165236
170265
168644
156704
144987
177590
177855
136291
142212
142852
172597
144845
135873
142672
148938
153884
168807
141756
140003
174139
156528
149400
150168
163299
176229
146082
169626
164471
155152
179353
170210
158080
151256
161791
175955
168372
176399
156401
149121
160323
136928
138986
140116
153972
174293
143869
164366
150962
135729
152289
179748
160141
144413
145996
143957
156476
158349
144389
136661
148827
149998
143394
141552
179962
178526
174220
157374
142650
161157
157603
169771
147950
159864
151690
151870
141253
179894
156802
177969
178865
158627
150961
157667
145007
170385
143592
142844
173235
172303
165415
154034
135584
167445
147732
149881
174533
167573
177818
178638
155226
172999
165033
149164
177834
165107
156081
138923
167278
155155
171215
150381
154537
155406
164953
158607
161480
165302
151922
148367
143546
146768
159903
149401
165879
140893
163727
144792
170353
142609
141431
165032
173708
176864
160445
175728
167218
138425
154872
163864
144621
147800
178256
179441
171063
154746
163154
168281
173849
160004
144058
162977
149886
149993
137464
166795
160955
154804
136430
164046
164172
171352
164555
151072
135621
158935
155211
164980
153138
147629
150639
140959
140245
149828
154530
135748
135217
164938
151699
174927
147461
164029
154357
174845
178458
157980
139283
160950
141847
177404
168555
145735
150924
166330
147435
163360
162656
166446
157674
160749
149969
162653
157728
164789
148904
170309
176473
165929
167374
154174
149009
162845
177915
171470
161126
146281
155589
166935
162934
164452
144391
136668
137710
176768
159897
168229
174698
160191
176504
158066
136850
147899
153502
162699
145428
177577
155845
147187
147539
147277
153709
158686
158910
160262
174586
138263
155820
146827
171946
141420
155987
165717
145126
145499
170361
144132
166713
151049
176165
154603
172787
154366
156445
160273
151694
162607
135702
140881
165950
162879
168167
168416
172779
151028
172838
152599
142468
137585
168603
142134
171927
138785
167414
136183
154454
162300
162872
156096
170957
170402
163486
152914
159421
161815
175517
149942
141920
179464
164638
148517
173395
142686
151539
146574
151320
149514
148597
179412
164522
147276
172015
156055
179468
160862
141319
175853
147143
170086
148236
174006
155464
152394
137915
147146
137181
174311
137644
176179
179742
179073
135465
136165
146872
137813
142563
178741
149501
151421
157892
176686
139500
162120
176604
174425
147263
161860
174433
178728
137969
137189
147761
138115
166158
144561
169596
147123
165660
179805
176833
148151
154869
164133
179150
157355
137331
146483
179595
147037
148059
142747
177738
148529
172056
148469
158730
176825
153117
164380
147340
177283
156410
165670
147200
169923
153765
179366
177330
159641
150984
142893
169882
158532
174495
144401
154683
172780
137527
136402
140787
157500
138564
153349
164924
170982
173097
167385
149200
160308
160893
174094
148702
170971
159830
141415
143510
175480
136271
178499
137672
159828
166101
146478
158937
175871
154027
143193
142708
166594
151152
175056
161330
166125
161683
152624
160084
177074
164358
170913
175477
144366
166415
175473
142220
142238
136503
149057
147527
148048
148653
153332
145308
135647
158562
155206
140455
178696
163068
136594
154608
158917
136484
154484
162944
144235
154898
141515
167505
156785
150483
157798
142142
156006
167739
172028
138831
172171
145989
143202
138555
147088
141750
168789
147701
179382
146879
164578
146834
179218
176695
153575
174996
156102
153356
156626
168015
155048
179786
178886
166328
135317
146568
178912
135800
166081
152520
174035
171949
150018
137528
170204
179980
139750
136912
170795
172402
176556
162545
145586
176648
151026
168764
143801
154970
171066
145915
158747
143337
156403
145085
169709
165426
168149
143528
142762
175833
144724
160482
147865
137279
170197
170049
149804
144194
177528
140042
169041
147894
157811
135521
173129
171651
137885
172554
147313
175024
135734
139813
144687
151914
156308
156805
137174
138426
149553
177509
162887
151134
158950
143668
169046
135708
172852
167473
139859
161080
148905
161780
139168
156406
157862
163881
160194
151323
171019
144282
148972
163935
174585
139630
168258
168962
175877
135283
150656
148148
139009
174989
174305
176208
173567
174458
169252
158534
148160
151804
139503
166538
174180
159876
150929
137362
139448
138734
169527
143739
178914
170742
137298
142193
145656
161100
154682
175347
170012
145734
176322
151325
146426
169031
166868
179756
145504
135070
163203
167825
158133
138510
167846
135581
160429
177686
166306
142029
142155
176912
169627
170589
144141
152681
174209
167905
136490
153751
141245
143692
149680
138211
170707
175492
159607
176600
156840
154832
151366
151726
141904
166542
151329
160065
135214
176659
151367
146578
153871
167118
168928
152403
153786
178112
156287
164012
154466
165034
163628
155068
146799
158157
151621
179743
153295
172331
160292
174128
141985
156666
141623
140323
146052
174008
155078
157508
161637
163880
151749
142738
154412
162059
170406
163719
136829
144976
147506
150331
152582
149001
146711
142374
135776
146195
141433
176276
159889
140672
169073
165875
158632
140260
165148
154557
158222
167625
160231
152516
147883
158927
135049
139413
165427
151660
162320
159848
139119
145277
166013
151680
149875
139384
171242
162142
148683
152224
170452
149459
161786
168925
153817
135745
177263
150590
157132
179619
137007
169500
136707
152707
165567
179303
140579
136012
168063
173574
157710
151372
148035
178894
138375
164919
172921
154568
173515
166286
171102
135879
139086
154395
152287
137457
157639
151356
178361
146807
139348
136536
153788
146963
159758
137571
169577
137286
152417
154295
141939
165587
146636
172313
173122
140940
152416
149277
150074
151883
138488
150652
141890
179049
170225
171090
161449
152982
179221
147160
153670
136590
172908
163736
166509
158796
168683
146594
152192
167662
160564
140158
175107
135007
143934
172024
150821
162554
138798
162622
167832
179088
