397979
369911
403386
373822
404810
378495
385555
373316
372929
388374
403684
386716
361570
400273
370855
368718
381247
390423
379495
367615
377515
390443
390602
361388
397633
381716
393138
370852
381964
369354
385946
384780
401447
387245
403592
389814
389041
371275
374006
371899
366807
400409
379536
375837
387159
363016
403195
364729
378754
388326
369661
370229
403562
376207
404959
402192
364193
384676
390086
366736
370520
367707
391167
396149
364518
370500
372570
393223
400307
385047
369351
394390
364538
363863
402936
373620
385082
368919
397850
400136
394857
402954
377247
378392
375423
393301
363401
366100
401230
364419
375226
402786
378335
372830
368124
366316
384189
386596
403366
373847
395154
364157
396830
383146
373817
391735
394354
372733
374858
362705
363029
396943
373267
362624
382664
367262
402252
362296
398469
393213
391863
369545
371605
364741
381960
391470
375158
365533
403906
378552
383394
400148
401696
397869
366184
388061
392098
387638
384012
361114
379016
366605
400243
376027
373602
368279
363189
377102
368908
381865
390878
377704
397968
363705
376109
382877
387917
361000
364243
382531
369084
363125
397839
379316
382715
362730
360672
390457
361655
385631
384953
400019
386447
367732
384743
364730
384106
390240
393330
372892
399481
397547
383029
367949
390227
392891
361219
366885
361710
389584
365836
386503
401589
380005
374894
398621
375806
364832
365342
397450
390900
390343
399718
365857
372335
366193
379099
391343
365865
374623
360429
372858
390528
381426
368420
399660
378628
371847
394696
396232
360811
374815
361704
399138
397513
370894
381668
395101
393549
399126
401287
384020
365426
390559
401539
391448
363455
362135
382753
366434
368239
388304
372758
389095
394640
403055
362360
383699
387711
376906
368341
391862
362055
366314
378463
400771
376253
394382
365377
362185
365080
388897
383784
376591
369165
371393
386395
393926
387380
376580
386656
376511
391144
384576
386057
362111
392503
372472
373254
390083
392292
396524
403450
374646
384412
396317
384250
377609
391452
396494
362544
393898
366110
373172
360314
377146
370406
378712
385203
379764
404678
369444
392572
375188
367474
366404
386643
394894
371028
366757
365501
380397
388201
379833
396800
385750
368538
375614
361603
396467
368140
387090
380913
398130
395535
377577
379182
400852
367625
393604
364128
397656
396559
401050
376168
363633
364707
378783
385539
389363
377779
368278
361444
366381
376540
396022
388517
376079
393596
404941
360399
392760
398104
373268
361631
364740
378152
404193
365373
378524
397871
391305
365661
393353
374827
375488
399587
363933
381856
399134
379246
393018
375020
372831
380019
376822
387628
363737
384492
403399
363378
380399
382103
373174
380744
361788
361107
379100
375124
375917
361232
374194
369731
371642
374856
368241
391157
394366
404089
363460
385840
401485
380251
404043
360004
394811
371470
401239
360564
383894
401017
400239
371933
378266
404023
404358
392740
373168
368225
360297
387111
387287
362494
401162
371224
382969
384803
364246
397798
375550
368508
399881
385636
365907
381306
367976
368357
374539
392918
387349
364504
364704
362514
377919
362328
371081
378331
403722
400598
395253
399726
379132
367339
371670
397888
372968
377354
389502
403534
401802
390674
387110
392194
391188
367656
387698
391265
375113
390338
366810
368952
379620
376156
383676
399741
372425
383773
377109
371886
366803
361487
360853
378789
387173
390799
387335
382095
403630
393247
373399
382790
400874
386285
387255
369464
366108
380382
364241
381583
362740
391274
403342
391180
376036
396417
368249
361703
404228
375497
365733
391747
401640
365071
404442
360216
364851
390195
391641
398949
387487
364337
398668
396230
364513
403442
387827
396374
385285
388442
380797
369061
404635
384141
392146
362907
392304
394408
392910
384109
376171
394602
403506
382059
402268
396434
389862
384360
363617
361644
404470
376341
365478
386540
398260
396000
404042
401228
371331
372868
392241
383432
401072
399700
380723
361784
374217
391246
388041
380780
375388
394796
378750
360231
378353
383204
364336
379951
398968
372776
395666
403068
376635
378685
376537
382974
386805
371919
394522
380807
395779
392558
395145
400803
391494
385843
395176
391691
398154
368057
399854
394902
381080
362875
398362
404490
362554
380258
393777
360646
373624
365382
373924
382819
368256
389408
403977
363861
400327
391016
366915
372680
380586
375200
362874
396158
373958
402526
362868
400977
392432
370135
360898
361121
385237
385376
390360
404026
390627
383972
374720
381898
377935
371841
363035
361812
393975
364071
388599
380743
364303
368943
388344
374825
386693
393412
368407
362549
360354
363640
370761
382655
387483
383689
393863
378553
383426
376880
388233
389913
369433
394423
383578
366926
373459
379408
361489
388530
374475
376404
389515
403271
382528
365286
396611
360842
393007
374181
369786
360501
378900
369068
384246
387377
393921
401826
388209
360890
389905
364867
373077
380285
365742
392757
403106
392763
386165
390196
367094
391477
390295
388425
382513
393220
404087
384733
391394
397255
382470
368578
381443
361278
380687
402279
386992
394630
397747
361377
387303
369619
382284
401113
369273
388858
370381
368122
380535
381884
365548
385928
372547
386278
382475
378785
369294
404004
383249
369595
387333
384019
395776
385973
387857
385798
369403
380844
386813
387996
381245
390311
382022
363673
367918
381564
398231
371420
369553
380227
400046
367817
384854
389678
377566
372083
404907
373920
365264
377664
378442
365921
397223
361900
382256
369037
400945
390238
397326
364215
369693
367379
366865
378647
397864
360173
393287
390995
362385
378924
391654
363461
390012
380697
385332
395606
387756
392051
362004
401374
397006
372063
369555
403750
385914
395557
361470
387837
382060
375286
362851
398695
391011
376403
371096
384540
360884
383388
389653
404125
381355
385334
382859
389413
397066
378876
383881
404376
373927
395875
381640
383757
363862
371264
373058
374966
370324
388723
368909
368897
362463
363030
370665
368870
393718
390184
380533
363308
389015
365904
369538
404647
363899
366935
385149
392159
371873
403690
382849
378741
388508
382517
371196
373098
378525
367932
380228
386882
365762
366056
393871
396433
383269
402743
400229
372065
384205
378846
370992
376441
373623
403140
384113
374711
401387
388606
398966
388198
400377
397239
376377
383028
370059
363939
365034
398167
397591
402875
393494
385695
360116
393497
365954
379452
392109
367861
368893
404695
360144
382081
379031
376601
377284
362191
380824
369281
391779
384221
393702
370157
399803
371987
389044
382782
361162
390566
376342
364207
365946
401057
383836
394590
395258
404597
398993
375662
388722
387288
378143
385011
391847
394129
361131
366493
361864
389982
374759
375335
369035
378397
399844
380084
387983
403387
397119
404184
397350
367905
379378
390579
381001
402129
396654
377031
386892
371477
402780
401854
386941
375999
391959
400724
386730
384313
391885
373047
394918
403825
389700
403376
374441
362593
404942
379120
399329
403580
396516
390546
377851
386847
398798
379664
375278
386912
389993
364550
398151
380708
370536
379006
394266
380745
388974
368090
396958
402415
376397
379660
393707
365598
400778
399590
373641
381220
398899
381394
378917
383445
370347
376837
363519
380969
384993
380945
381441
365102
367524
387847
378586
402805
374673
404968
397942
372350
373674
395439
367132
387635
362943
371930
364421
396084
395701
360343
394538
403134
399009
390078
379794
371734
401586
367090
361175
378202
387486
383107
403491
396525
382773
389608
398326
379302
373095
382826
403275
404770
369299
386507
381428
388280
386516
402961
371380
384759
401126
404123
386358
372103
390548
379444
399405
368344
396001
399011
376379
376337
399828
403248
403714
368665
387520
369738
380367
377277
376174
365010
369233
402497
374632
387148
365343
363184
389206
375610
401280
399807
391572
377757
370343
374644
402848
379188
398043
392111
397319
363418
379512
360476
380267
367431
378393
392575
380506
379719
390260
388318
362269
395848
400946
365757
400547
388923
380197
365936
374228
382711
362746
384181
401619
403625
385414
397806
391984
398079
367217
389582
378380
387717
382989
399598
397301
386085
372038
381190
376115
389470
397961
388560
385205
364884
379825
360150
389745
388929
403677
378806
396217
395244
381822
390326
363068
370299
386801
378341
376918
372793
399888
386937
382678
401285
397475
387870
402682
391793
380253
365576
403258
379723
391043
402125
376785
400290
398358
376985
365975
377680
385154
369055
387165
392999
392420
397570
379170
393384
387550
388170
396670
385542
382756
388905
376812
402232
380779
390379
370098
394481
404063
398162
371070
382822
401097
391070
372774
377811
401284
377447
378363
388749
394378
369024
382952
404433
384184
367811
371141
399000
383473
391878
395987
390956
369591
369769
383965
367680
401138
399730
391207
397542
386115
375013
367974
385399
390861
373363
404142
363053
386097
390923
373282
378834
364273
380712
362799
396233
397791
371730
386332
386923
402904
400310
364162
370746
400922
374077
383832
403052
386396
404714
397133
369679
392629
400208
374488
375593
377605
401499
365020
385264
371476
361034
399792
393271
388186
362952
400601
391796
364647
404618
367402
380117
361866
400562
371925
401558
385013
373658
380416
403265
381846
361282
400467
387221
401780
363707
386914
392170
396680
385075
394750
377048
398094
384130
387030
375041
401031
384448
392081
366237
395249
385115
364152
370253
400967
388771
389818
385812
378221
388809
363154
369810
365766
390294
386343
395907
377456
402657
363025
380624
403435
374313
392686
400374
368494
390446
362404
375061
380568
366689
361139
396288
368994
388487
382121
360330
364995
375356
402033
382014
404130
396960
368194
387136
400121
382390
380356
388663
376790
362817
381530
396097
370873
368473
396539
364305
368877
385079
378387
384381
362608
380602
373443
385830
377212
387070
391491
404371
387179
386721
392089
360758
402710
366650
402842
371100
380565
394979
385139
391536
375122
390040
381420
364070
400472
379625
366708
399908
370941
378415
365568
360341
393967
360273
382809
402270
401969
390604
382237
402171
364615
370727
404347
390389
360322
394727
384652
384650
387263
382817
404723
401353
392822
377766
392438
381669
390641
397601
370491
401309
393431
363434
384126
362132
382633
400694
390421
397284
390643
398783
372859
394993
377114
361331
369826
376739
381340
391319
363953
376951
389226
360725
398801
371617
362265
383602
383978
386932
400370
403814
396978
400253
370036
395043
397082
360103
372075
386592
376609
363929
392225
374749
360640
404989
375486
404054
381434
378842
376185
401386
386541
378995
363548
377204
400745
377324
404926
366211
360176
400201
384002
362791
391426
384636
376332
386043
402410
362059
386542
393473
372266
396728
373681
403546
391717
397722
390398
362182
383855
387373
369604
381465
373426
369798
384936
368178
401731
366217
378376
392493
370009
393364
368247
376851
402662
366365
377208
375421
369935
398785
372101
362863
382915
364264
392795
393668
390424
373745
363609
368442
362893
365466
369060
379998
375813
371902
387203
380260
365216
389080
360292
401008
377364
402088
387853
380868
380576
360351
387191
371616
378154
402485
401617
378679
372080
380937
390213
403549
400931
400526
371433
391967
404773
366231
376048
389744
379243
392645
371313
365356
368920
375980
360681
400143
395377
395465
384216
378920
386481
376123
379828
397136
391758
367104
379287
386166
384556
383370
403822
388976
370393
382053
379002
403691
384477
390120
404363
371131
395314
362582
364845
368648
364855
369392
392286
377353
384318
368871
394455
379634
368145
368474
379698
369957
400157
389614
379284
378701
376432
397397
381713
388617
396201
400395
370065
395553
360625
379671
403902
368615
362348
379590
365395
393606
391280
372918
402087
365175
392603
379599
390211
364253
390786
381012
385907
388972
404318
391152
373396
398822
383062
404653
389466
370713
375145
389620
376270
361498
380453
367956
398526
361566
364689
401713
404704
376610
378009
382199
377203
398313
375054
387591
360892
376467
390779
394334
379487
376627
402748
361682
360430
371638
404689
386198
385450
370926
369830
403569
387156
401641
381844
361616
379792
360252
400935
367330
398373
378585
386968
380071
379391
386668
373752
395789
376729
360233
366046
362081
365457
370458
392079
387980
376159
381954
369571
383734
381850
398435
382230
382566
363049
377298
360657
377293
364377
402095
385754
401327
393947
392956
394952
363843
381276
396406
389021
389852
364229
376281
371875
390854
376315
360926
384420
369565
360949
372418
379882
402386
395448
369103
396580
367901
399513
361053
368321
391164
395780
402103
398781
388928
362098
402785
363366
392512
399275
384269
367191
399835
400322
393334
365688
403471
376750
368931
364449
396534
367915
383882
400866
400352
401272
383143
402548
380846
384303
379304
376227
394026
370708
401525
392357
391436
363104
363563
394539
397584
400490
400873
395050
378576
387406
366322
386725
374976
377561
397818
366075
399728
360624
390114
384959
373424
361846
373451
363944
377135
374304
369722
399461
378145
370388
380768
383111
371504
380795
391478
387686
366067
385985
363288
380362
371979
386528
399669
389295
376064
375000
361673
404294
388540
375153
381549
401231
378048
360454
368322
388533
376730
371335
384698
363396
384862
397923
394303
392776
400894
373609
392458
396196
403748
379839
386083
381761
367460
360839
390011
386407
395237
386003
392024
385257
391789
388147
384584
394561
373949
392818
397287
381590
398723
375670
396987
369647
396542
390002
360261
360195
393531
361276
375854
377747
389400
399985
371011
381772
375694
403083
396260
388977
380204
382618
366923
364091
373325
378568
395818
387441
379519
389339
394459
395463
401888
402744
398931
376264
371905
369961
386545
379761
386501
379432
379534
390187
389879
387504
381472
404988
384452
378742
394193
390318
399216
381693
375207
367891
361675
383941
403535
361033
360593
381994
382454
386323
379433
372483
395641
396528
380302
366592
371812
399072
380713
391659
362729
385975
369353
374363
390236
395265
393644
381704
369987
402590
402855
361291
367212
367852
397597
369845
360873
367672
373938
378884
393807
366756
365003
399139
381528
374400
375168
388299
401229
371082
394626
389471
380152
404353
395210
383080
376256
386791
400955
393372
401399
381401
374121
385323
361928
363986
365116
378972
399293
368869
389366
375962
360729
377289
404748
385141
369413
370996
368957
381476
383349
369389
361661
373827
374998
368394
366552
404962
403526
399220
382374
367650
386157
382603
394771
372950
384864
376690
376870
366253
404894
381802
402969
403865
383627
375961
382667
370007
395385
368592
367844
398235
397303
390415
379034
360584
392445
372732
374881
399533
392573
402818
403638
380226
397999
390033
374164
402834
390107
381081
363923
392278
380155
396215
375381
379537
380406
389953
383607
386480
390302
376922
373367
368546
371768
384903
374401
390879
365893
388727
369792
395353
367609
366431
390032
398708
401864
385445
400728
392218
363425
379872
388864
369621
372800
403256
404441
396063
379746
388154
393281
398849
385004
369058
387977
374886
374993
362464
391795
385955
379804
361430
389046
389172
396352
389555
376072
360621
383935
380211
389980
378138
372629
375639
365959
365245
374828
379530
360748
360217
389938
376699
399927
372461
389029
379357
399845
403458
382980
364283
385950
366847
402404
393555
370735
375924
391330
372435
388360
387656
391446
382674
385749
374969
387653
382728
389789
373904
395309
401473
390929
392374
379174
374009
387845
402915
396470
386126
371281
380589
391935
387934
389452
369391
361668
362710
401768
384897
393229
399698
385191
401504
383066
361850
372899
378502
387699
370428
402577
380845
372187
372539
372277
378709
383686
383910
385262
399586
363263
380820
371827
396946
366420
380987
390717
370126
370499
395361
369132
391713
376049
401165
379603
397787
379366
381445
385273
376694
387607
360702
365881
390950
387879
393167
393416
397779
376028
397838
377599
367468
362585
393603
367134
396927
363785
392414
361183
379454
387300
387872
381096
395957
395402
388486
377914
384421
386815
400517
374942
366920
404464
389638
373517
398395
367686
376539
371574
376320
374514
373597
404412
389522
372276
397015
381055
404468
385862
366319
400853
372143
395086
373236
399006
380464
377394
362915
372146
362181
399311
362644
401179
404742
404073
360465
361165
371872
362813
367563
403741
374501
376421
382892
401686
364500
387120
401604
399425
372263
386860
399433
403728
362969
362189
372761
363115
391158
369561
394596
372123
390660
404805
401833
373151
379869
389133
404150
382355
362331
371483
404595
372037
373059
367747
402738
373529
397056
373469
383730
401825
378117
389380
372340
402283
381410
390670
372200
394923
378765
404366
402330
384641
375984
367893
394882
383532
399495
369401
379683
397780
362527
361402
365787
382500
363564
378349
389924
395982
398097
392385
374200
385308
385893
399094
373702
395971
384830
366415
368510
400480
361271
403499
362672
384828
391101
371478
383937
400871
379027
368193
367708
391594
376152
400056
386330
391125
386683
377624
385084
402074
389358
395913
400477
369366
391415
400473
367220
367238
361503
374057
372527
373048
373653
378332
370308
360647
383562
380206
365455
403696
388068
361594
379608
383917
361484
379484
387944
369235
379898
366515
392505
381785
375483
382798
367142
381006
392739
397028
363831
397171
370989
368202
363555
372088
366750
393789
372701
404382
371879
389578
371834
404218
401695
378575
399996
381102
378356
381626
393015
380048
404786
403886
391328
360317
371568
403912
360800
391081
377520
399035
396949
375018
362528
395204
404980
364750
361912
395795
397402
401556
387545
370586
401648
376026
393764
368801
379970
396066
370915
383747
368337
381403
370085
394709
390426
393149
368528
367762
400833
369724
385482
372865
362279
395197
395049
374804
369194
402528
365042
394041
372894
382811
360521
398129
396651
362885
397554
372313
400024
360734
364813
369687
376914
381308
381805
362174
363426
374553
402509
387887
376134
383950
368668
394046
360708
397852
392473
364859
386080
373905
386780
364168
381406
382862
388881
385194
376323
396019
369282
373972
388935
399585
364630
393258
393962
400877
360283
375656
373148
364009
399989
399305
401208
398567
399458
394252
383534
373160
376804
364503
391538
399180
384876
375929
362362
364448
363734
394527
368739
403914
395742
362298
367193
370656
386100
379682
400347
395012
370734
401322
376325
371426
394031
391868
404756
370504
360070
388203
392825
383133
363510
392846
360581
385429
402686
391306
367029
367155
401912
394627
395589
369141
377681
399209
392905
361490
378751
366245
368692
374680
363211
395707
400492
384607
401600
381840
379832
376366
376726
366904
391542
376329
385065
360214
401659
376367
371578
378871
392118
393928
377403
378786
403112
381287
389012
379466
390034
388628
380068
371799
383157
376621
404743
378295
397331
385292
399128
366985
381666
366623
365323
371052
399008
380078
382508
386637
388880
376749
367738
379412
387059
395406
388719
361829
369976
372506
375331
377582
374001
371711
367374
360776
371195
366433
401276
384889
365672
394073
390875
383632
365260
390148
379557
383222
392625
385231
377516
372883
383927
360049
364413
390427
376660
387320
384848
364119
370277
391013
376680
374875
364384
396242
387142
373683
377224
395452
374459
386786
393925
378817
360745
402263
375590
382132
404619
362007
394500
361707
377707
390567
404303
365579
361012
393063
398574
382710
376372
373035
403894
363375
389919
397921
379568
398515
391286
396102
360879
364086
379395
377287
362457
382639
376356
403361
371807
364348
361536
378788
371963
384758
362571
394577
362286
377417
379295
366939
390587
371636
397313
398122
365940
377416
374277
375074
376883
363488
375652
366890
404049
395225
396090
386449
377982
404221
372160
378670
361590
397908
388736
391509
383796
393683
371594
377192
392662
385564
365158
400107
360007
368934
397024
375821
387554
363798
387622
392832
404088
383630
401202
397482
364883
388762
387715
400066
380958
384639
368790
360419
365879
374076
403354
401675
363758
393104
394661
373069
373664
382471
360655
397877
393890
397315
370593
366020
372000
402445
396300
386778
398252
397517
398217
391425
402980
403402
404539
364519
392495
395573
379718
361819
376296
399603
396363
369532
378378
403165
364155
365707
401221
373272
379949
365697
362982
360128
404960
396276
393136
386709
378590
392132
385390
389884
363593
363000
374625
375541
374611
360110
396520
388707
377971
375109
361557
366132
392057
377202
360109
363789
395132
389485
404607
360843
393178
404819
379770
387619
395469
367264
394933
385076
364564
381215
380480
400135
366224
382602
382904
363693
362495
382456
402921
370268
367743
386752
377385
381958
388275
361826
399153
400575
393129
399573
374192
383169
373648
387858
373695
400168
366988
361671
380292
362761
399554
362531
376721
376831
394847
374467
380370
